@    title "Stock-Myers: Caso 3" 
@    xaxis  label "r*" 
@    yaxis  label "U*(r*)" 
1.0	2122848.0
1.005	1999438.4317542221
1.01	1883760.6109905527
1.015	1775295.4664846635
1.02	1673561.0823467076
1.025	1578109.8747563155
1.03	1488525.995546046
1.035	1404422.943425492
1.04	1325441.365346489
1.045	1251247.0320597012
1.05	1181528.9733182094
1.055	1115997.759459921
1.06	1054383.9172589767
1.065	996436.4689891448
1.07	941921.584598773
1.075	890621.3377670145
1.08	842332.557402346
1.085	796865.7668649283
1.09	754044.2038501317
1.095	713702.9144681634
1.1	675687.9155992016
1.105	639855.4200999527
1.11	606071.1198903655
1.115	574209.5223624863
1.12	544153.3359306088
1.125	515792.9008864574
1.13	489025.6620378038
1.135	463755.679896683
1.1400000000000001	439893.1774463836
1.145	417354.11975702463
1.15	396059.82393972966
1.155	375936.5971310055
1.16	356915.40038352663
1.165	338931.53650867246
1.17	321924.36007119156
1.175	305837.0078784832
1.18	290616.14843736845
1.185	276211.7489708095
1.19	262576.85869688593
1.195	249667.40717307373
1.2	237442.0166015625
1.205	225861.82707637496
1.21	214890.3338313124
1.215	204493.23561965706
1.22	194638.29342273794
1.225	185295.1987453324
1.23	176435.45081194246
1.235	168032.24202955636
1.24	160060.3511300769
1.245	152496.04344936207
1.25	145316.97784022623
1.255	138502.11975394934
1.26	132031.66005919833
1.2650000000000001	125886.9391989286
1.27	120050.37631507717
1.275	114505.40299785219
1.28	109236.40134135593
1.2850000000000001	104228.64601030534
1.29	99468.25004389904
1.295	94942.11414255318
1.3	90637.87920142706
1.305	86543.88187147808
1.31	82649.1129443588
1.315	78943.17837188859
1.32	75416.26274415401
1.325	72059.09506266958
1.33	68862.9166564568
1.335	65819.45109951803
1.34	62920.87599800367
1.345	60159.79652448969
1.35	57529.22058523091
1.355	55022.53551410346
1.3599999999999999	52633.486194215475
1.365	50356.15451493209
1.37	48184.94007831836
1.375	46114.54207483735
1.38	44139.94225354493
1.385	42256.38891705145
1.3900000000000001	40459.381876195264
1.395	38744.65830371163
1.4	37108.17943022609
1.405	35546.11802965592
1.4100000000000001	34054.846644601064
1.415	32630.926505558706
1.42	31271.0971008274
1.425	29972.26635678452
1.43	28731.50139085167
1.435	27546.019801905866
1.44	26413.181465180474
1.445	25330.480800821737
1.45	24295.539487251222
1.455	23306.09959233158
1.46	22360.01709705984
1.465	21455.255788116865
1.47	20589.881497108578
1.475	19762.056665729928
1.48	18970.035217396875
1.4849999999999999	18212.157717108752
1.49	17486.846802448585
1.495	16792.60286969273
1.5	16128.0
1.505	15491.682111580327
1.51	14882.3593246156
1.5150000000000001	14298.804526519181
1.52	13739.850125882302
1.525	13204.384984169294
1.53	12691.351514890186
1.5350000000000001	12199.74294060391
1.54	11728.600698689472
1.545	11277.011987370657
1.55	10844.10744399222
1.5550000000000002	10429.058948025642
1.56	10031.077541732866
1.565	9649.411461838437
1.57	9283.344275955487
1.5750000000000002	8932.193117882152
1.58	8595.307016232418
1.585	8272.06531119163
1.5899999999999999	7961.876154493038
1.595	7664.17508799853
1.6	7378.423696536629
1.605	7104.108330903179
1.6099999999999999	6840.738897168416
1.615	6587.84770865652
1.62	6344.988397173841
1.625	6111.734880258213
1.63	5887.680381407312
1.635	5672.436500417706
1.6400000000000001	5465.6323311293345
1.645	5266.913624024252
1.65	5075.941991272724
1.655	4892.39415195575
1.6600000000000001	4715.961215320878
1.665	4546.348000048496
1.67	4383.272387618991
1.675	4226.46470797785
1.6800000000000002	4075.667155795859
1.685	3930.6332357162214
1.69	3791.1272350692475
1.695	3656.923722619242
1.7000000000000002	3527.8070719869274
1.705	3403.571008465324
1.71	3284.0181780169833
1.7149999999999999	3168.9597373067345
1.72	3058.2149636861536
1.725	2951.610884104975
1.73	2848.981921979832
1.7349999999999999	2750.1695611032123
1.74	2655.0220257246174
1.745	2563.3939759825616
1.75	2475.1462179099085
1.755	2390.145427276456
1.76	2308.263886571886
1.7650000000000001	2229.379234469101
1.77	2153.374227142788
1.775	2080.1365108510818
1.78	2009.5584052193385
1.7850000000000001	1941.5366966944118
1.79	1875.9724416655179
1.795	1812.7707787742456
1.8	1751.8407499609534
1.8050000000000002	1693.0951298182918
1.81	1636.450262844786
1.815	1581.8259082124712
1.82	1529.1450916823328
1.8250000000000002	1478.3339643201566
1.83	1429.3216676831184
1.835	1382.0402051643068
1.8399999999999999	1336.4243191982737
1.845	1292.4113740457226
1.85	1249.9412438898346
1.855	1208.956205990075
1.8599999999999999	1169.4008386522562
1.865	1131.2219237856784
1.87	1094.3683538296607
1.875	1058.7910428426246
1.88	1024.4428415572543
1.885	991.2784562149596
1.8900000000000001	959.2543710021738
1.895	928.3287739197243
1.9	898.4614859249306
1.905	869.6138931938725
1.9100000000000001	841.748882358833
1.915	814.8307785829397
1.92	788.8252863408329
1.925	763.6994327805365
1.9300000000000002	739.4215135477485
1.935	715.9610409595776
1.94	693.2886944201515
1.945	671.3762729757336
1.9500000000000002	650.196649911924
1.955	629.7237293001314
1.96	609.9324044050037
1.9649999999999999	590.798517868693
1.97	572.2988235918068
1.975	554.4109502347604
1.98	537.1133662668011
1.9849999999999999	520.3853464934285
1.99	504.20693999622694
1.995	488.5589394221756
2.0	473.4228515625
2.005	458.7808691638902
2.01	444.6158439176202
2.015	430.91126057460036
2.02	417.6512121368342
2.025	404.8203760780176
2.0300000000000002	392.4039915482383
2.035	380.38783751978315
2.04	368.75821183301923
2.045	357.5019111032672
2.05	346.60621145128005
2.0549999999999997	336.05885002172914
2.06	325.8480072556653
2.065	315.96228988449997
2.0700000000000003	306.3907146145016
2.075	297.12269247223
2.08	288.1480137826307
2.085	279.45683375281726
2.09	271.0396586357656
2.0949999999999998	262.88733244928727
2.1	254.99102422677927
2.105	247.34221577726575
2.1100000000000003	239.93268993326083
2.115	232.75451926594377
2.12	225.8000552480187
2.125	219.06191784553042
2.13	212.5329855207067
2.135	206.20638562870366
2.14	200.07548519186747
2.145	194.13388203586013
2.1500000000000004	188.37539627265713
2.1550000000000002	182.79406211610663
2.16	177.38412001633412
2.165	172.14000909989093
2.17	167.0563599031032
2.175	162.12798738662022
2.1799999999999997	157.3498842196792
2.185	152.7172143230979
2.19	148.22530666047703
2.1950000000000003	143.86964926754052
2.2	139.64588350998102
2.205	135.54979856057585
2.21	131.5773260867459
2.215	127.72453514008835
2.2199999999999998	123.98762723978686
2.225	120.36293164213275
2.23	116.84690078873044
2.2350000000000003	113.43610592625598
2.24	110.1272328909584
2.245	106.91707805135393
2.25	103.80254440285933
2.255	100.78063780835677
2.26	97.8484633789347
2.265	95.00322198929688
2.27	92.2422069225461
2.2750000000000004	89.56280063927697
2.2800000000000002	86.96247166612363
2.285	84.43877159909326
2.29	81.98933221722774
2.295	79.61186270230203
2.3	77.30414696045153
2.3049999999999997	75.06404104178718
2.31	72.88947065421416
2.315	70.77842876783036
2.3200000000000003	68.72897330641707
2.325	66.73922492268977
2.33	64.8073648540949
2.335	62.93163285608402
2.34	61.110325209907955
2.3449999999999998	59.34179280209673
2.35	57.62443927290775
2.355	55.95671923112647
2.3600000000000003	54.337136532712435
2.365	52.76424262088484
2.37	51.23663492532994
2.375	49.752955318315045
2.38	48.31188862557054
2.385	46.91216118989435
2.39	45.552539485508085
2.395	44.231828781276185
2.4000000000000004	42.9488718509673
2.4050000000000002	41.70254772881653
2.41	40.491770508706594
2.415	39.31548818535842
2.42	38.172681535980985
2.425	37.06236304088881
2.4299999999999997	35.98357584165885
2.435	34.93539273544677
2.44	33.91691520414224
2.4450000000000003	32.92727247708824
2.45	31.965620626143277
2.455	31.031141691907685
2.46	30.123042839984254
2.465	29.24055554618385
2.4699999999999998	28.382934809629447
2.475	27.549458392751667
2.48	26.739426087206922
2.4850000000000003	25.952159004785837
2.49	25.186998892416003
2.495	24.443307470394963
2.5	23.720465793023987
2.505	23.017873630842793
2.51	22.33494887369624
2.515	21.671126953892873
2.52	21.02586028874196
2.5250000000000004	20.39861774178305
2.5300000000000002	19.788884102048556
2.535	19.196159580721236
2.54	18.61995932457643
2.545	18.05981294561763
2.55	17.515264066338204
2.5549999999999997	16.98586988006232
2.56	16.471200725837562
2.565	15.970839677372782
2.5700000000000003	15.48438214553109
2.575	15.011435493908072
2.58	14.551618667040698
2.585	14.104561830810136
2.59	13.669906024617216
2.5949999999999998	13.24730282492371
2.6	12.836414019769554
2.605	12.436911293887695
2.6100000000000003	12.048475924053363
2.615	11.670798484318006
2.62	11.303578560789335
2.625	10.946524475632105
2.63	10.599353019976029
2.635	10.261789195427633
2.64	9.933565963894306
2.645	9.614424005439517
2.6500000000000004	9.304111483896643
2.6550000000000002	9.002383819981095
2.66	8.709003471646767
2.665	8.423739721444198
2.67	8.146368470645267
2.675	7.876672039907294
2.6799999999999997	7.614438976258447
2.685	7.359463866193091
2.69	7.111547154673668
2.6950000000000003	6.870494969842251
2.7	6.636118953252898
2.705	6.408236095440987
2.71	6.186668576653446
2.715	5.971243612569406
2.7199999999999998	5.761793304846446
2.725	5.558154496333759
2.73	5.360168630798941
2.7350000000000003	5.167681617020185
2.74	4.980543697101181
2.745	4.7986093188702705
2.75	4.6217370122311525
2.755	4.449789269335817
2.76	4.2826324284558135
2.765	4.120136561431685
2.77	3.9621753645845503
2.7750000000000004	3.8086260529776617
2.7800000000000002	3.659369257920263
2.785	3.514288927608445
2.79	3.3732722308027254
2.795	3.2362094634443244
2.8	3.102993958115974
2.8049999999999997	2.9735219962561903
2.81	2.8476927230389366
2.815	2.7254080648336645
2.8200000000000003	2.6065726491632555
2.825	2.491093727080778
2.83	2.378881097887902
2.835	2.2698470361208134
2.84	2.1639062207319926
2.8449999999999998	2.060975666398158
2.85	1.9609746568876094
2.855	1.8638246804218879
2.8600000000000003	1.7694493669689901
2.865	1.6777744274077584
2.87	1.5887275945044061
2.875	1.5022385656448423
2.88	1.4182389472676746
2.885	1.3366622009448736
2.89	1.2574435910588937
2.895	1.1805201340265308
2.9000000000000004	1.1058305490214178
2.9050000000000002	1.033315210148884
2.91	0.9629161000280728
2.915	0.8945767647379075
2.92	0.8282422700848446
2.925	0.7638591591516324
2.9299999999999997	0.7013754110877803
2.935	0.6407404011035203
2.94	0.5819048616304521
2.9450000000000003	0.5248208446130329
2.95	0.4694416848965819
2.955	0.41572196467804634
2.96	0.363617478987452
2.965	0.31308520216842695
2.9699999999999998	0.2640832553276775
2.975	0.2165708747238515
2.98	0.17050838106749744
2.9850000000000003	0.12585714970443806
2.99	0.08257958165606727
2.995	0.040639075490531695
3.0	0.0
3.005	-0.039372332340340765
3.0100000000000002	-0.07751169115494472
3.015	-0.11445095321495957
3.02	-0.1502221267716668
3.025	-0.18485637519763598
3.0300000000000002	-0.21838403995621425
3.035	-0.2508346629193423
3.04	-0.28223700805313756
3.045	-0.312619082489904
3.05	-0.34200815700486054
3.055	-0.37043078591514034
3.06	-0.3979128264181435
3.065	-0.4244794573858415
3.07	-0.4501551976309788
3.075	-0.4749639236607859
3.08	-0.4989288869332009
3.085	-0.5220727306302582
3.09	-0.5444175059627252
3.095	-0.5659846880197423
3.1	-0.5867951911767344
3.105	-0.6068693840744968
3.11	-0.6262271041819236
3.115	-0.644887671954506
3.12	-0.6628699046003224
3.125	-0.6801921294649311
3.13	-0.6968721970461691
3.1350000000000002	-0.7129274936495862
3.14	-0.7283749536948645
3.145	-0.7432310716833328
3.15	-0.757511913836272
3.1550000000000002	-0.771233129413539
3.16	-0.7844099617216451
3.165	-0.7970572588202227
3.17	-0.8091894839354956
3.1750000000000003	-0.8208207255891486
3.18	-0.8319647074507037
3.185	-0.8426347979213153
3.19	-0.8528440194566034
3.195	-0.8626050576359654
3.2	-0.8719302699855547
3.205	-0.8808316945619261
3.21	-0.889321058303109
3.215	-0.8974097851537011
3.22	-0.9051090039703555
3.225	-0.9124295562138602
3.23	-0.9193820034338223
3.235	-0.9259766345517857
3.24	-0.9322234729484533
3.245	-0.9381322833605008
3.25	-0.9437125785923235
3.255	-0.9489736260478938
3.2600000000000002	-0.953924454087751
3.265	-0.9585738582160086
3.27	-0.9629304071021207
3.275	-0.9670024484419959
3.2800000000000002	-0.9707981146629299
3.285	-0.9743253284766997
3.29	-0.9775918082850164
3.295	-0.980605073441434
3.3000000000000003	-0.9833724493736826
3.305	-0.9859010725702755
3.31	-0.988197895435142
3.315	-0.990269691013917
3.32	-0.9921230575954156
3.325	-0.9937644231917311
3.33	-0.9952000499002778
3.335	-0.9964360381510249
3.34	-0.9974783308420505
3.345	-0.9983327173664844
3.35	-0.9990048375337945
3.355	-0.9995001853883023
3.36	-0.9998241129277265
3.365	-0.9999818337244779
3.37	-0.999978426452337
3.375	-0.9998188383210995
3.38	-0.9995078884216658
3.3850000000000002	-0.9990502709840134
3.39	-0.9984505585503998
3.395	-0.9977132050660864
3.4	-0.9968425488898125
3.4050000000000002	-0.9958428157261756
3.41	-0.9947181214820228
3.415	-0.9934724750488962
3.42	-0.9921097810135151
3.4250000000000003	-0.9906338422982257
3.43	-0.9890483627332964
3.435	-0.9873569495628759
3.44	-0.9855631158863931
3.445	-0.9836702830371185
3.45	-0.9816817828995615
3.455	-0.9796008601673348
3.46	-0.977430674543067
3.465	-0.9751743028819033
3.47	-0.9728347412800934
3.475	-0.9704149071101186
3.48	-0.9679176410037762
3.485	-0.9653457087845942
3.49	-0.9627018033509226
3.495	-0.9599885465109904
3.5	-0.9572084907712045
3.505	-0.9543641210789194
3.5100000000000002	-0.9514578565208701
3.515	-0.9484920519784403
3.52	-0.9454689997408907
3.525	-0.9423909310776578
3.5300000000000002	-0.9392600177707864
3.535	-0.9360783736085463
3.54	-0.9328480558412389
3.545	-0.929571066600191
3.5500000000000003	-0.9262493542808831
3.555	-0.9228848148911596
3.56	-0.9194792933654174
3.565	-0.9160345848456638
3.57	-0.9125524359303028
3.575	-0.9090345458914857
3.58	-0.9054825678618403
3.585	-0.9018981099913732
3.59	-0.8982827365753123
3.595	-0.8946379691536441
3.6	-0.8909652875830758
3.605	-0.8872661310821282
3.61	-0.8835418992500577
3.615	-0.8797939530602752
3.62	-0.8760236158289236
3.625	-0.8722321741592411
3.63	-0.8684208788623449
3.6350000000000002	-0.8645909458550252
3.64	-0.860743557035154
3.645	-0.8568798611352615
3.65	-0.8530009745548566
3.6550000000000002	-0.8491079821720233
3.66	-0.8452019381348235
3.665	-0.84128386663302
3.67	-0.8373547626506258
3.6750000000000003	-0.8334155926997564
3.68	-0.8294672955362739
3.685	-0.8255107828576704
3.69	-0.8215469399836548
3.695	-0.8175766265198694
3.7	-0.8136006770051705
3.705	-0.80961990154289
3.71	-0.8056350864164699
3.715	-0.8016469946898831
3.72	-0.7976563667932095
3.725	-0.7936639210937462
3.73	-0.7896703544530175
3.735	-0.7856763427700368
3.74	-0.7816825415111672
3.745	-0.7776895862269175
3.75	-0.7736980930560002
3.755	-0.7697086592169691
3.7600000000000002	-0.7657218634877548
3.765	-0.7617382666733918
3.77	-0.7577584120622377
3.775	-0.7537828258709695
3.7800000000000002	-0.7498120176786398
3.785	-0.7458464808500664
3.79	-0.7418866929488129
3.795	-0.737933116140031
3.8000000000000003	-0.7339861975834077
3.805	-0.7300463698164716
3.81	-0.7261140511284864
3.815	-0.7221896459251781
3.82	-0.718273545084513
3.825	-0.7143661263037548
3.83	-0.710467754438014
3.835	-0.7065787818304973
3.84	-0.7026995486346713
3.845	-0.6988303831285277
3.85	-0.694971602021158
3.855	-0.6911235107518142
3.86	-0.6872864037816553
3.865	-0.6834605648783457
3.87	-0.6796462673936924
3.875	-0.6758437745344835
3.88	-0.6720533396267037
3.8850000000000002	-0.6682752063732819
3.89	-0.6645096091055377
3.895	-0.660756773028469
3.9	-0.6570169144600475
3.9050000000000002	-0.653290241064655
3.91	-0.6495769520808157
3.915	-0.645877238543351
3.92	-0.6421912835001056
3.9250000000000003	-0.6385192622233726
3.93	-0.634861342416144
3.935	-0.6312176844133174
3.94	-0.6275884413779798
3.945	-0.62397375949289
3.95	-0.6203737781472753
3.955	-0.6167886301190582
3.96	-0.6132184417526183
3.965	-0.60966333313221
3.97	-0.6061234182511284
3.975	-0.6025988051767364
3.98	-0.5990895962114494
3.985	-0.5955958880497729
3.99	-0.5921177719314966
3.995	-0.5886553337911328
4.0	-0.5852086544036865
4.005	-0.5817778095268565
4.01	-0.5783628700397437
4.015000000000001	-0.5749639020781581
4.02	-0.5715809671666038
4.025	-0.5682141223470168
4.03	-0.564863420304351
4.035	-0.5615289094890666
4.04	-0.558210634236612
4.045	-0.5549086348839647
4.050000000000001	-0.551622947883303
4.055	-0.5483536059128837
4.0600000000000005	-0.5451006379851749
4.0649999999999995	-0.5418640695523403
4.07	-0.5386439226091037
4.075	-0.5354402157930909
4.08	-0.53225296448268
4.085	-0.5290821808924419
4.09	-0.5259278741662139
4.095000000000001	-0.5227900504678765
4.1	-0.5196687130698796
4.105	-0.5165638624395659
4.109999999999999	-0.5134754963233708
4.115	-0.5104036098289122
4.12	-0.5073481955050592
4.125	-0.5043092434199917
4.13	-0.5012867412373325
4.135	-0.49828067429037287
4.140000000000001	-0.4952910256544508
4.145	-0.4923177762175248
4.15	-0.48936090474897564
4.155	-0.48642038796670045
4.16	-0.4834962006025134
4.165	-0.48058831546591596
4.17	-0.4776967035062625
4.175000000000001	-0.4748213338733663
4.18	-0.4719621739765796
4.1850000000000005	-0.4691191895423817
4.1899999999999995	-0.46629234467052694
4.195	-0.46348160188875653
4.2	-0.4606869222061452
4.205	-0.4579082651650833
4.21	-0.4551455888919489
4.215	-0.4523988501464875
4.220000000000001	-0.44966800436994075
4.225	-0.44695300573194713
4.23	-0.4442538071762413
4.234999999999999	-0.4415703604651975
4.24	-0.43890261622321647
4.245	-0.4362505239790176
4.25	-0.43361403220682854
4.255	-0.4309930883665261
4.26	-0.4283876389427373
4.265000000000001	-0.4257976294829308
4.27	-0.4232230046345258
4.275	-0.42066370818103105
4.28	-0.4181196830772565
4.285	-0.41559087148359625
4.29	-0.4130772147994238
4.295	-0.41057865369561364
4.300000000000001	-0.40809512814620696
4.305	-0.4056265774592501
4.3100000000000005	-0.4031729403068149
4.3149999999999995	-0.40073415475423535
4.32	-0.398310158288559
4.325	-0.39590088784625654
4.33	-0.393506279840183
4.335	-0.391126270185827
4.34	-0.38876079432685445
4.345000000000001	-0.38640978725996983
4.35	-0.3840731835591078
4.355	-0.3817509173989685
4.359999999999999	-0.3794429225779252
4.365	-0.3771491325402992
4.37	-0.3748694803980384
4.375	-0.37260389895179613
4.38	-0.3703523207114369
4.385	-0.3681146779159771
4.390000000000001	-0.3658909025529732
4.395	-0.3636809263773798
4.4	-0.36148468092987257
4.405	-0.3593020975546731
4.41	-0.3571331074168634
4.415	-0.35497764151922073
4.42	-0.3528356307185737
4.425000000000001	-0.3507070057416965
4.43	-0.3485916972007518
4.4350000000000005	-0.34648963560828605
4.4399999999999995	-0.3444007513918056
4.445	-0.3423249749079182
4.45	-0.34026223645607917
4.455	-0.3382124662919258
4.46	-0.3361755946402272
4.465	-0.33415155170745314
4.470000000000001	-0.3321402676939693
4.475	-0.3301416728058734
4.48	-0.3281556972664714
4.484999999999999	-0.3261822713274187
4.49	-0.3242213252795132
4.495	-0.3222727894631711
4.5	-0.3203365942785745
4.505	-0.31841267019551067
4.51	-0.31650094776290455
4.515000000000001	-0.31460135761805613
4.52	-0.3127138304955883
4.525	-0.3108382972361068
4.53	-0.3089746887945925
4.535	-0.3071229362485184
4.54	-0.305282970805707
4.545	-0.3034547238119317
4.550000000000001	-0.30163812675826895
4.555	-0.29983311128820783
4.5600000000000005	-0.2980396092045184
4.5649999999999995	-0.2962575524758968
4.57	-0.2944868732433756
4.575	-0.29272750382652285
4.58	-0.2909793767294206
4.585	-0.2892424246464373
4.59	-0.28751658046779616
4.595000000000001	-0.2858017772849452
4.6	-0.284097948395734
4.605	-0.28240502730939887
4.609999999999999	-0.2807229477513699
4.615	-0.279051643667892
4.62	-0.2773910492304785
4.625	-0.2757410988401874
4.63	-0.27410172713173675
4.635	-0.27247286897745704
4.640000000000001	-0.2708544594910845
4.645	-0.2692464340314052
4.65	-0.26764872820574237
4.655	-0.2660612778733066
4.66	-0.2644840191483982
4.665	-0.2629168884034728
4.67	-0.2613598222720738
4.675000000000001	-0.2598127576516325
4.68	-0.25827563170614054
4.6850000000000005	-0.2567483818686969
4.6899999999999995	-0.25523094584393813
4.695	-0.25372326161034425
4.7	-0.25222526742243573
4.705	-0.25073690181285535
4.71	-0.2492581035943415
4.715	-0.24778881186159754
4.720000000000001	-0.24632896599305537
4.725	-0.2448785056525427
4.73	-0.24343737079084582
4.734999999999999	-0.24200550164718687
4.74	-0.2405828387505988
4.745	-0.23916932292121923
4.75	-0.23776489527148986
4.755	-0.23636949720727493
4.76	-0.23498307042889593
4.765000000000001	-0.23360555693208496
4.77	-0.23223689900886213
4.775	-0.23087703924833236
4.78	-0.2295259205374149
4.785	-0.22818348606149474
4.79	-0.2268496793050078
4.795	-0.22552444405195649
4.800000000000001	-0.22420772438636027
4.805	-0.22289946469264313
4.8100000000000005	-0.22159960965595396
4.8149999999999995	-0.22030810426243497
4.82	-0.21902489379942147
4.825	-0.21774992385559336
4.83	-0.21648314032106547
4.835	-0.2152244893874271
4.84	-0.2139739175477275
4.845000000000001	-0.2127313715964127
4.85	-0.2114967986292128
4.855	-0.21027014604297897
4.859999999999999	-0.20905136153547937
4.865	-0.20784039310514407
4.87	-0.20663718905077355
4.875	-0.20544169797119793
4.88	-0.20425386876490112
4.885	-0.20307365062960261
4.890000000000001	-0.20190099306180112
4.895	-0.20073584585628332
4.9	-0.19957815910559223
4.905	-0.19842788319946708
4.91	-0.19728496882424323
4.915	-0.19614936696222474
4.92	-0.19502102889102158
4.925000000000001	-0.1938999061828596
4.93	-0.19278595070385912
4.9350000000000005	-0.19167911461328474
4.9399999999999995	-0.19057935036277088
4.945	-0.18948661069551587
4.95	-0.18840084864545584
4.955	-0.1873220175364093
4.96	-0.18625007098120153
4.965	-0.1851849628807629
4.970000000000001	-0.18412664742320806
4.975	-0.1830750790828917
4.98	-0.1820302126194439
4.984999999999999	-0.18099200307678837
4.99	-0.17996040578213668
4.995	-0.17893537634497045
5.0	-0.17791687065599995
5.005	-0.17690484488611066
5.01	-0.17589925548529045
5.015	-0.174900059181543
5.0200000000000005	-0.17390721297978567
5.025	-0.17292067416073384
5.03	-0.17194040027976984
5.035	-0.1709663491658011
5.04	-0.16999847892010417
5.045	-0.16903674791515802
5.05	-0.16808111479346477
5.055	-0.16713153846636136
5.0600000000000005	-0.1661879781128182
5.065	-0.165250393178232
5.07	-0.16431874337320457
5.075	-0.16339298867231722
5.08	-0.16247308931289375
5.085	-0.16155900579375734
5.09	-0.16065069887397898
5.095	-0.15974812957161966
5.1	-0.15885125916246515
5.105	-0.15796004917875583
5.11	-0.15707446140790954
5.115	-0.15619445789123934
5.12	-0.1553200009226672
5.125	-0.1544510530474312
5.13	-0.1535875770607909
5.135	-0.15272953600672654
5.14	-0.15187689317663594
5.1450000000000005	-0.15102961210802732
5.15	-0.15018765658321082
5.155	-0.14935099062798465
5.16	-0.14851957851032155
5.165	-0.14769338473905147
5.17	-0.146872374062544
5.175	-0.14605651146738766
5.18	-0.14524576217706897
5.1850000000000005	-0.14444009165065058
5.19	-0.14363946558144897
5.195	-0.14284384989571053
5.2	-0.14205321075128827
5.205	-0.14126751453631925
5.21	-0.14048672786790048
5.215	-0.13971081759076714
5.22	-0.1389397507759702
5.225	-0.1381734947195553
5.23	-0.13741201694124336
5.235	-0.13665528518311174
5.24	-0.13590326740827627
5.245	-0.13515593179957677
5.25	-0.1344132467582629
5.255	-0.1336751809026826
5.26	-0.13294170306697198
5.265	-0.13221278229974928
5.2700000000000005	-0.13148838786280895
5.275	-0.13076848922982054
5.28	-0.13005305608502843
5.285	-0.12934205832195647
5.29	-0.1286354660421138
5.295	-0.1279332495537052
5.3	-0.12723537937034388
5.305	-0.12654182620976864
5.3100000000000005	-0.12585256099256314
5.315	-0.12516755484088105
5.32	-0.12448677907717229
5.325	-0.12381020522291497
5.33	-0.12313780499735127
5.335	-0.12246955031622682
5.34	-0.1218054132905339
5.345	-0.12114536622526029
5.3500000000000005	-0.12048938161814084
5.355	-0.11983743215841532
5.36	-0.11918949072558838
5.365	-0.11854553038819696
5.37	-0.11790552440257969
5.375	-0.1172694462116533
5.38	-0.11663726944369214
5.385	-0.11600896791111362
5.39	-0.11538451560926827
5.3950000000000005	-0.11476388671523466
5.4	-0.11414705558661979
5.405	-0.11353399676036453
5.41	-0.11292468495155347
5.415	-0.11231909505223106
5.42	-0.11171720213022279
5.425	-0.11111898142796117
5.43	-0.11052440836131765
5.4350000000000005	-0.10993345851843962
5.44	-0.10934610765859307
5.445	-0.10876233171101085
5.45	-0.10818210677374557
5.455	-0.10760540911252957
5.46	-0.10703221515963934
5.465	-0.1064625015127658
5.47	-0.10589624493389053
5.4750000000000005	-0.10533342234816717
5.48	-0.10477401084280946
5.485	-0.10421798766598352
5.49	-0.10366533022570719
5.495	-0.10311601608875494
5.5	-0.10257002297956755
5.505	-0.1020273287791691
5.51	-0.10148791152408825
5.515	-0.10095174940528666
5.5200000000000005	-0.10041882076709255
5.525	-0.09988910410614017
5.53	-0.09936257807031511
5.535	-0.0988392214577056
5.54	-0.09831901321555986
5.545	-0.09780193243924863
5.55	-0.09728795837123454
5.555	-0.09677707040004666
5.5600000000000005	-0.09626924805926121
5.565	-0.09576447102648804
5.57	-0.09526271912236312
5.575	-0.09476397230954672
5.58	-0.0942682106917278
5.585	-0.09377541451263423
5.59	-0.09328556415504796
5.595	-0.09279864013982818
5.6000000000000005	-0.09231462312493759
5.605	-0.09183349390447702
5.61	-0.09135523340772446
5.615	-0.09087982269818022
5.62	-0.09040724297261787
5.625	-0.0899374755601419
5.63	-0.08947050192124953
5.635	-0.08900630364689985
5.64	-0.0885448624575879
5.6450000000000005	-0.08808616020242492
5.65	-0.08763017885822415
5.655	-0.08717690052859244
5.66	-0.08672630744302763
5.665	-0.08627838195602162
5.67	-0.08583310654616917
5.675	-0.08539046381528267
5.68	-0.08495043648751187
5.6850000000000005	-0.08451300740846975
5.69	-0.08407815954436454
5.695	-0.08364587598113625
5.7	-0.0832161399235995
5.705	-0.0827889346945919
5.71	-0.08236424373412791
5.715	-0.08194205059855816
5.72	-0.08152233895973444
5.7250000000000005	-0.08110509260418011
5.73	-0.0806902954322661
5.735	-0.08027793145739218
5.74	-0.07986798480517401
5.745	-0.07946043971263496
5.75	-0.07905528052740453
5.755	-0.07865249170692057
5.76	-0.0782520578176382
5.765	-0.0778539635342433
5.7700000000000005	-0.07745819363887166
5.775	-0.07706473302033352
5.78	-0.07667356667334267
5.785	-0.07628467969775157
5.79	-0.0758980572977915
5.795	-0.07551368478131769
5.8	-0.07513154755905946
5.805	-0.07475163114387633
5.8100000000000005	-0.07437392115001805
5.815	-0.07399840329239128
5.82	-0.07362506338582914
5.825	-0.07325388734436829
5.83	-0.07288486118052903
5.835	-0.07251797100460154
5.84	-0.0721532030239368
5.845	-0.07179054354224185
5.8500000000000005	-0.07142997895888129
5.855	-0.07107149576818232
5.86	-0.0707150805587453
5.865	-0.0703607200127592
5.87	-0.07000840090532132
5.875	-0.0696581101037629
5.88	-0.06930983456697805
5.885	-0.06896356134475845
5.89	-0.0686192775771325
5.8950000000000005	-0.06827697049370895
5.9	-0.06793662741302546
5.905	-0.06759823574190156
5.91	-0.06726178297479635
5.915	-0.06692725669317064
5.92	-0.06659464456485395
5.925	-0.06626393434341543
5.93	-0.06593511386754013
5.9350000000000005	-0.06560817106040887
5.94	-0.06528309392908321
5.945	-0.06495987056389455
5.95	-0.06463848913783714
5.955	-0.06431893790596685
5.96	-0.06400120520480268
5.965	-0.06368527945173344
5.97	-0.06337114914442886
5.9750000000000005	-0.06305880286025406
5.98	-0.0627482292556896
5.985	-0.06243941706575422
5.99	-0.062132355103433096
5.995	-0.061827032259109314
6.0	-0.0615234375
6.005	-0.06122155986959631
6.01	-0.060921388487107625
6.015	-0.06062291254690962
6.0200000000000005	-0.06032612131799651
6.025	-0.06003100414343733
6.03	-0.05973755043983606
6.035	-0.059445749696795606
6.04	-0.05915559147638601
6.045	-0.05886706541261629
6.05	-0.058580161210910225
6.055	-0.05829486864758608
6.0600000000000005	-0.05801117756933988
6.065	-0.05772907789273302
6.07	-0.057448559603682836
6.075	-0.057169612756957595
6.08	-0.056892227475675024
6.085	-0.056616393950804374
6.09	-0.05634210244067224
6.095	-0.05606934327047215
6.1000000000000005	-0.05579810683177755
6.105	-0.0555283835820587
6.11	-0.05526016404420258
6.115	-0.0549934388060371
6.12	-0.05472819851985803
6.125	-0.05446443390196025
6.13	-0.05420213573217174
6.135	-0.05394129485339145
6.14	-0.053681902171130426
6.1450000000000005	-0.05342394865305639
6.15	-0.05316742532854195
6.155	-0.052912323288215414
6.16	-0.052658633683515886
6.165	-0.05240634772625097
6.17	-0.05215545668815806
6.175	-0.051905951900468976
6.18	-0.05165782475347745
6.1850000000000005	-0.051411066696110334
6.19	-0.051165669235501615
6.195	-0.05092162393656979
6.2	-0.05067892242159819
6.205	-0.05043755636981888
6.21	-0.05019751751699904
6.215	-0.04995879765503101
6.22	-0.049721388631524886
6.2250000000000005	-0.049485282349404636
6.23	-0.04925047076650699
6.235	-0.04901694589518308
6.24	-0.04878469980190356
6.245	-0.04855372460686646
6.25	-0.04832401248360764
6.255	-0.04809555565861486
6.26	-0.047868346410943986
6.265	-0.047642377071838674
6.2700000000000005	-0.04741764002435238
6.275	-0.04719412770297384
6.28	-0.04697183259325456
6.285	-0.04675074723143968
6.29	-0.046530864204101574
6.295	-0.0463121761477758
6.3	-0.046094675748600225
6.305	-0.045878355741956506
6.3100000000000005	-0.045663208912114506
6.315	-0.045449228091879346
6.32	-0.04523640616224084
6.325	-0.04502473605202589
6.33	-0.04481421073755336
6.335	-0.044604823242291404
6.34	-0.044396566636517684
6.345	-0.0441894340369818
6.3500000000000005	-0.04398341860657039
6.355	-0.04377851355397495
6.36	-0.043574712133361594
6.365	-0.043372007644044044
6.37	-0.043170393430158285
6.375	-0.04296986288034042
6.38	-0.042770409427406314
6.385	-0.042572026548034
6.39	-0.042374707762448394
6.3950000000000005	-0.04217844663410832
6.4	-0.04198323676939597
6.405	-0.04178907181730854
6.41	-0.041595945469152476
6.415	-0.04140385145823962
6.42	-0.041212783559586005
6.425	-0.041022735589612676
6.43	-0.04083370140584887
6.4350000000000005	-0.040645674906637376
6.44	-0.040458650030842154
6.445	-0.04027262075755804
6.45	-0.04008758110582284
6.455	-0.0399035251343313
6.46	-0.039720446941151503
6.465	-0.03953834066344327
6.47	-0.03935720047717849
6.4750000000000005	-0.03917702059686405
6.48	-0.03899779527526629
6.485	-0.03881951880313789
6.49	-0.03864218550894657
6.495	-0.038465789758606025
6.5	-0.03829032595520889
6.505	-0.03811578853876138
6.51	-0.03794217198592037
6.515	-0.03776947080973218
6.5200000000000005	-0.03759767955937327
6.525	-0.037426792819893216
6.53	-0.03725680521195907
6.535	-0.03708771139160228
6.54	-0.03691950604996692
6.545	-0.03675218391306028
6.55	-0.03658573974150486
6.555	-0.036420168330292824
6.5600000000000005	-0.03625546450854157
6.565	-0.0360916231392519
6.57	-0.03592863911906727
6.575	-0.0357665073780354
6.58	-0.03560522287937134
6.585	-0.03544478061922255
6.59	-0.03528517562643555
6.595	-0.03512640296232439
6.6000000000000005	-0.03496845772044081
6.605	-0.0348113350263463
6.61	-0.03465503003738562
6.615	-0.03449953794246206
6.62	-0.03434485396181466
6.625	-0.03419097334679666
6.63	-0.03403789137965597
6.635	-0.033885603373317114
6.64	-0.03373410467116476
6.6450000000000005	-0.033583390646829046
6.65	-0.03343345670397242
6.655	-0.03328429827607789
6.66	-0.03313591082623921
6.665	-0.03298828984695233
6.67	-0.032841430859908614
6.675	-0.03269532941578945
6.68	-0.032549981094062506
6.6850000000000005	-0.0324053815027793
6.69	-0.032261526278374746
6.695	-0.03211841108546759
6.7	-0.03197603161666273
6.705	-0.03183438359235492
6.71	-0.03169346276053401
6.715	-0.031553264896591354
6.72	-0.031413785803128084
6.7250000000000005	-0.031275021309764395
6.73	-0.031136967272950677
6.735	-0.03099961957577954
6.74	-0.030862974127799772
6.745	-0.030727026864831263
6.75	-0.03059177374878155
6.755	-0.030457210767463713
6.76	-0.03032333393441535
6.765	-0.030190139288719404
6.7700000000000005	-0.030057622894825744
6.775	-0.02992578084237462
6.78	-0.029794609246020908
6.785	-0.029664104245260153
6.79	-0.029534262004255477
6.795	-0.02940507871166611
6.8	-0.029276550580476964
6.805	-0.029148673847829588
6.8100000000000005	-0.029021444774854303
6.815	-0.028894859646503696
6.82	-0.02876891477138725
6.825	-0.028643606481607114
6.83	-0.028518931132595383
6.835	-0.028394885102952256
6.84	-0.028271464794285606
6.845	-0.028148666631051644
6.8500000000000005	-0.028026487060396746
6.855	-0.02790492255200065
6.86	-0.02778396959792039
6.865	-0.027663624712435858
6.87	-0.027543884431896214
6.875	-0.027424745314567473
6.88	-0.027306203940481374
6.885	-0.027188256911285107
6.89	-0.02707090085009235
6.8950000000000005	-0.02695413240133533
6.9	-0.026837948230618098
6.905	-0.026722345024570538
6.91	-0.02660731949070388
6.915	-0.026492868357267055
6.92	-0.02637898837310406
6.925	-0.026265676307512538
6.93	-0.026152928950103276
6.9350000000000005	-0.026040743110660756
6.94	-0.025929115619004812
6.945	-0.025818043324853157
6.95	-0.025707523097685047
6.955	-0.02559755182660593
6.96	-0.025488126420213038
6.965	-0.02537924380646192
6.97	-0.025270900932534167
6.9750000000000005	-0.02516309476470586
6.98	-0.02505582228821716
6.985	-0.024949080507142687
6.99	-0.024842866444263027
6.995	-0.02473717714093704
7.0	-0.02463200965697525
7.005	-0.024527361070513974
7.01	-0.024423228477890493
7.015000000000001	-0.024319608993519145
7.0200000000000005	-0.02421649974976834
7.025	-0.024113897896838248
7.03	-0.024011800602639778
7.035	-0.023910205052674032
7.04	-0.02380910844991299
7.045	-0.023708508014680774
7.05	-0.023608400984536003
7.055	-0.023508784614154867
7.0600000000000005	-0.023409656175215045
7.065	-0.023311012956280703
7.07	-0.02321285226268794
7.075	-0.023115171416431365
7.08	-0.023017967756051416
7.085	-0.02292123863652254
7.09	-0.022824981429142008
7.095	-0.022729193521419812
7.1000000000000005	-0.022633872316969117
7.105	-0.022539015235397693
7.11	-0.022444619712199975
7.115	-0.02235068319865009
7.12	-0.022257203161695386
7.125	-0.022164177083851114
7.13	-0.022071602463095495
7.135	-0.021979476812765793
7.140000000000001	-0.02188779766145504
7.1450000000000005	-0.021796562552909574
7.15	-0.021705769045927182
7.155	-0.02161541471425614
7.16	-0.021525497146494956
7.165	-0.02143601394599268
7.17	-0.021346962730750173
7.175	-0.021258341133321892
7.18	-0.02117014680071848
7.1850000000000005	-0.021082377394310035
7.19	-0.020995030589730124
7.195	-0.02090810407678038
7.2	-0.020821595559335892
7.205	-0.020735502755251232
7.21	-0.02064982339626715
7.215	-0.020564555227917967
7.22	-0.0204796960094396
7.2250000000000005	-0.0203952435136783
7.23	-0.020311195527000035
7.235	-0.020227549849200433
7.24	-0.020144304293415485
7.245	-0.02006145668603284
7.25	-0.01997900486660379
7.255	-0.019896946687755757
7.26	-0.01981528001510554
7.265000000000001	-0.019734002727173114
7.2700000000000005	-0.01965311271529615
7.275	-0.019572607883544924
7.28	-0.019492486148638053
7.285	-0.01941274543985877
7.29	-0.019333383698971748
7.295	-0.01925439888014056
7.3	-0.019175788949845743
7.305	-0.019097551886803406
7.3100000000000005	-0.01901968568188443
7.315	-0.018942188338034294
7.32	-0.018865057870193422
7.325	-0.018788292305218023
7.33	-0.01871188968180173
7.335	-0.01863584805039752
7.34	-0.018560165473140374
7.345	-0.018484840023770443
7.3500000000000005	-0.01840986978755669
7.355	-0.01833525286122123
7.36	-0.018260987352863963
7.365	-0.018187071381888045
7.37	-0.01811350307892564
7.375	-0.018040280585764325
7.38	-0.01796740205527392
7.385	-0.017894865651334035
7.390000000000001	-0.017822669548761848
7.3950000000000005	-0.01775081193324066
7.4	-0.01767929100124872
7.405	-0.017608104959988807
7.41	-0.017537252027318036
7.415	-0.017466730431678415
7.42	-0.0173965384120277
7.425	-0.017326674217770854
7.43	-0.017257136108691933
7.4350000000000005	-0.017187922354886465
7.44	-0.01711903123669436
7.445	-0.01705046104463315
7.45	-0.016982210079331875
7.455	-0.01691427665146534
7.46	-0.01684665908168881
7.465	-0.016779355700573238
7.47	-0.016712364848540887
7.4750000000000005	-0.01664568487580146
7.48	-0.016579314142288654
7.485	-0.01651325101759707
7.49	-0.01644749388091979
7.495	-0.016382041120986124
7.5	-0.016316891136000006
7.505	-0.016252042333578676
7.51	-0.016187493130691927
7.515000000000001	-0.016123241953601607
7.5200000000000005	-0.01605928723780179
7.525	-0.015995627427959024
7.53	-0.015932260977853333
7.535	-0.015869186350319465
7.54	-0.015806402017188526
7.545	-0.015743906459230107
7.55	-0.015681698166094764
7.555	-0.015619775636256918
7.5600000000000005	-0.015558137376958143
7.565	-0.015496781904150887
7.57	-0.015435707742442491
7.575	-0.01537491342503969
7.58	-0.01531439749369349
7.585	-0.015254158498644381
7.59	-0.015194194998567924
7.595	-0.015134505560520855
7.6000000000000005	-0.015075088759887332
7.605	-0.0150159431803258
7.61	-0.014957067413716
7.615	-0.014898460060106504
7.62	-0.014840119727662566
7.625	-0.014782045032614325
7.63	-0.014724234599205343
7.635	-0.014666687059641565
7.640000000000001	-0.014609401054040549
7.6450000000000005	-0.014552375230381184
7.65	-0.014495608244453532
7.655	-0.014439098759809251
7.66	-0.014382845447712242
7.665	-0.01432684698708958
7.67	-0.01427110206448297
7.675	-0.014215609374000338
7.68	-0.014160367617267858
7.6850000000000005	-0.014105375503382325
7.69	-0.014050631748863788
7.695	-0.013996135077608567
7.7	-0.013941884220842566
7.705	-0.013887877917074876
7.71	-0.013834114912051809
7.715	-0.013780593958711097
7.72	-0.013727313817136514
7.7250000000000005	-0.013674273254512785
7.73	-0.013621471045080755
7.735	-0.013568905970092969
7.74	-0.013516576817769386
7.745	-0.01346448238325364
7.75	-0.013412621468569337
7.755	-0.01336099288257686
7.76	-0.013309595440930324
7.765000000000001	-0.01325842796603494
7.7700000000000005	-0.013207489287004598
7.775	-0.013156778239619757
7.78	-0.013106293666285592
7.785	-0.013056034415990521
7.79	-0.013005999344264883
7.795	-0.012956187313140053
7.8	-0.012906597191107646
7.805	-0.012857227853079179
7.8100000000000005	-0.012808078180345914
7.815	-0.012759147060538977
7.82	-0.01271043338758974
7.825	-0.012661936061690544
7.83	-0.012613653989255614
7.835	-0.012565586082882238
7.84	-0.012517731261312266
7.845	-0.012470088449393856
7.8500000000000005	-0.012422656578043399
7.855	-0.012375434584207826
7.86	-0.01232842141082707
7.865	-0.012281616006796843
7.87	-0.012235017326931618
7.875	-0.012188624331927914
7.88	-0.0121424359883278
7.885	-0.012096451268482586
7.890000000000001	-0.012050669150516906
7.8950000000000005	-0.012005088618292917
7.9	-0.011959708661374762
7.905	-0.011914528274993307
7.91	-0.01186954646001108
7.915	-0.011824762222887503
7.92	-0.011780174575644278
7.925	-0.011735782535831069
7.93	-0.01169158512649136
7.9350000000000005	-0.011647581376128629
7.94	-0.011603770318672647
7.945	-0.011560150993446055
7.95	-0.011516722445131201
7.955	-0.011473483723737105
7.96	-0.011430433884566714
7.965	-0.011387571988184384
7.97	-0.011344897100383562
7.9750000000000005	-0.011302408292154608
7.98	-0.011260104639653021
7.985	-0.011217985224167646
7.99	-0.011176049132089274
7.995	-0.011134295454879359
8.0	-0.011092723289038986
8.004999999999999	-0.011051331736078014
8.01	-0.011010119902484438
8.015	-0.010969086899693975
8.02	-0.010928231844059845
8.025	-0.010887553856822678
8.030000000000001	-0.010847052064080768
8.035	-0.010806725596760412
8.04	-0.01076657359058644
8.045	-0.010726595186053015
8.05	-0.010686789528394608
8.055	-0.01064715576755711
8.06	-0.010607693058169176
8.065000000000001	-0.010568400559513783
8.07	-0.010529277435499942
8.075	-0.010490322854634563
8.08	-0.010451535989994584
8.085	-0.010412916019199267
8.09	-0.010374462124382642
8.094999999999999	-0.010336173492166104
8.100000000000001	-0.010298049313631274
8.105	-0.010260088784293086
8.11	-0.010222291104072785
8.115	-0.010184655477271428
8.120000000000001	-0.010147181112543358
8.125	-0.010109867222869974
8.129999999999999	-0.010072713025533496
8.135	-0.010035717742091114
8.14	-0.009998880598349207
8.145	-0.00996220082433769
8.15	-0.009925677654284594
8.155000000000001	-0.009889310326590805
8.16	-0.009853098083804962
8.165	-0.00981704017259849
8.17	-0.00978113584374082
8.175	-0.00974538435207481
8.18	-0.009709784956492298
8.185	-0.009674336919909718
8.190000000000001	-0.009639039509244074
8.195	-0.009603891995388929
8.2	-0.009568893653190533
8.205	-0.009534043761424192
8.21	-0.00949934160277081
8.215	-0.009464786463793465
8.219999999999999	-0.009430377634914213
8.225000000000001	-0.009396114410391034
8.23	-0.009361996088295011
8.235	-0.009328021970487448
8.24	-0.009294191362597317
8.245000000000001	-0.009260503573998838
8.25	-0.009226957917789158
8.254999999999999	-0.009193553710766099
8.26	-0.009160290273406231
8.265	-0.009127166929842959
8.27	-0.009094183007844803
8.275	-0.00906133783879373
8.280000000000001	-0.009028630757663792
8.285	-0.008996061102999761
8.29	-0.008963628216895933
8.295	-0.008931331444975106
8.3	-0.008899170136367679
8.305	-0.008867143643690895
8.31	-0.008835251323028133
8.315000000000001	-0.008803492533908493
8.32	-0.008771866639286372
8.325	-0.008740373005521229
8.33	-0.008709011002357476
8.335	-0.008677780002904515
8.34	-0.008646679383616901
8.344999999999999	-0.00861570852427456
8.350000000000001	-0.008584866807963195
8.355	-0.00855415362105494
8.36	-0.008523568353188845
8.365	-0.008493110397251737
8.370000000000001	-0.008462779149359157
8.375	-0.008432574008836327
8.379999999999999	-0.008402494378199309
8.385	-0.008372539663136263
8.39	-0.00834270927248889
8.395	-0.008313002618233882
8.4	-0.008283419115464567
8.405000000000001	-0.008253958182372645
8.41	-0.008224619240230078
8.415	-0.008195401713371027
8.42	-0.00816630502917394
8.425	-0.008137328618043808
8.43	-0.00810847191339446
8.435	-0.008079734351630945
8.440000000000001	-0.008051115372132166
8.445	-0.00802261441723347
8.45	-0.007994230932209422
8.455	-0.007965964365256692
8.46	-0.007937814167477065
8.465	-0.007909779792860495
8.469999999999999	-0.007881860698268302
8.475000000000001	-0.007854056343416488
8.48	-0.007826366190859219
8.485	-0.00779878970597222
8.49	-0.007771326356936464
8.495000000000001	-0.0077439756147219185
8.5	-0.0077167369530713546
8.504999999999999	-0.0076896098484842456
8.51	-0.00766259378020085
8.515	-0.0076356882301863195
8.52	-0.007608892683114982
8.525	-0.007582206626354563
8.530000000000001	-0.007555629549950768
8.535	-0.007529160946611703
8.54	-0.007502800311692546
8.545	-0.007476547143180261
8.55	-0.00745040094167847
8.555	-0.007424361210392299
8.56	-0.007398427455113429
8.565000000000001	-0.007372599184205209
8.57	-0.007346875908587862
8.575	-0.0073212571417237415
8.58	-0.007295742399602749
8.585	-0.007270331200727836
8.59	-0.007245023066100536
8.594999999999999	-0.007219817519206629
8.600000000000001	-0.007194714086001885
8.605	-0.00716971229489798
8.61	-0.007144811676748305
8.615	-0.007120011764834069
8.620000000000001	-0.007095312094850374
8.625	-0.007070712204892433
8.629999999999999	-0.007046211635441796
8.635	-0.007021809929352744
8.64	-0.006997506631838758
8.645	-0.006973301290459035
8.65	-0.006949193455105074
8.655000000000001	-0.006925182677987432
8.66	-0.0069012685136224826
8.665	-0.006877450518819266
8.67	-0.006853728252666456
8.675	-0.006830101276519387
8.68	-0.0068065691539871895
8.685	-0.00678313145091991
8.690000000000001	-0.006759787735395852
8.695	-0.006736537577708904
8.7	-0.0067133805503559445
8.705	-0.006690316228024355
8.71	-0.006667344187579639
8.715	-0.006644464008053043
8.719999999999999	-0.006621675270629304
8.725000000000001	-0.006598977558634435
8.73	-0.006576370457523711
8.735	-0.006553853554869486
8.74	-0.006531426440349341
8.745000000000001	-0.006509088705734153
8.75	-0.006486839944876293
8.754999999999999	-0.006464679753697866
8.76	-0.006442607730179042
8.765	-0.006420623474346493
8.77	-0.006398726588261828
8.775	-0.006376916676010133
8.780000000000001	-0.006355193343688618
8.785	-0.006333556199395304
8.79	-0.006312004853217725
8.795	-0.006290538917221796
8.8	-0.006269158005440715
8.805	-0.006247861733863891
8.81	-0.006226649720425984
8.815000000000001	-0.006205521584996001
8.82	-0.006184476949366483
8.825	-0.006163515437242679
8.83	-0.006142636674231893
8.835	-0.006121840287832816
8.84	-0.006101125907424974
8.844999999999999	-0.006080493164258196
8.850000000000001	-0.006059941691442154
8.855	-0.006039471123936067
8.86	-0.006019081098538268
8.865	-0.005998771253876006
8.870000000000001	-0.005978541230395267
8.875	-0.005958390670350629
8.879999999999999	-0.0059383192177951735
8.885	-0.005918326518570489
8.89	-0.0058984122202967535
8.895	-0.005878575972362819
8.9	-0.005858817425916375
8.905000000000001	-0.00583913623385422
8.91	-0.005819532050812529
8.915	-0.0058000045331572025
8.92	-0.005780553338974288
8.925	-0.0057611781280604525
8.93	-0.005741878561913515
8.935	-0.005722654303722987
8.940000000000001	-0.00570350501836078
8.945	-0.005684430372371856
8.95	-0.005665430033964991
8.955	-0.0056465036730035814
8.96	-0.00562765096099655
8.965	-0.0056088715710892086
8.969999999999999	-0.005590165178054264
8.975000000000001	-0.005571531458282831
8.98	-0.005552970089775577
8.985	-0.005534480752133757
8.99	-0.0055160631265504904
8.995000000000001	-0.005497716895801974
9.0	-0.0054794417442387755
9.005	-0.005461237357777191
9.01	-0.00544310342389065
9.015	-0.0054250396316011485
9.02	-0.005407045671470794
9.025	-0.0053891212355933
9.03	-0.00537126601758567
9.035	-0.005353479712579779
9.040000000000001	-0.005335762017214129
9.045	-0.005318112629625597
9.05	-0.005300531249441215
9.055	-0.005283017577770062
9.06	-0.005265571317195136
9.065	-0.005248192171765337
9.07	-0.005230879846987432
9.075	-0.0052136340498181374
9.08	-0.0051964544886561855
9.085	-0.005179340873334483
9.09	-0.00516229291511232
9.095	-0.005145310326667545
9.1	-0.005128392822088918
9.105	-0.00511154011686839
9.11	-0.005094751927893511
9.115	-0.00507802797343981
9.120000000000001	-0.0050613679731633
9.125	-0.005044771648092972
9.13	-0.0050282387206233336
9.135	-0.00501176891450703
9.14	-0.004995361954847472
9.145	-0.0049790175680915275
9.15	-0.00496273548202225
9.155	-0.004946515425751653
9.16	-0.004930357129713506
9.165000000000001	-0.0049142603256562304
9.17	-0.00489822474663577
9.175	-0.004882250127008526
9.18	-0.0048663362024243696
9.185	-0.004850482709819643
9.19	-0.0048346893874102485
9.195	-0.004818955974684718
9.2	-0.004803282212397403
9.205	-0.004787667842561636
9.21	-0.004772112608442969
9.215	-0.004756616254552442
9.22	-0.0047411785266398805
9.225	-0.004725799171687259
9.23	-0.004710477937902074
9.235	-0.004695214574710783
9.24	-0.004680008832752247
9.245000000000001	-0.00466486046387125
9.25	-0.004649769221112047
9.255	-0.004634734858711906
9.26	-0.004619757132094784
9.265	-0.004604835797864906
9.27	-0.004589970613800527
9.275	-0.004575161338847598
9.28	-0.004560407733113593
9.285	-0.004545709557861249
9.290000000000001	-0.004531066575502438
9.295	-0.0045164785495920455
9.3	-0.004501945244821846
9.305	-0.004487466427014481
9.31	-0.00447304186311742
9.315	-0.0044586713211969935
9.32	-0.004444354570432401
9.325	-0.00443009138110986
9.33	-0.004415881524616659
9.335	-0.004401724773435358
9.34	-0.004387620901137967
9.345	-0.004373569682380137
9.35	-0.004359570892895445
9.355	-0.0043456243094896745
9.36	-0.004331729710035143
9.365	-0.004317886873465028
9.370000000000001	-0.0043040955797677884
9.375	-0.004290355609981573
9.38	-0.004276666746188652
9.385	-0.004263028771509942
9.39	-0.004249441470099466
9.395	-0.0042359046271389575
9.4	-0.004222418028832399
9.405	-0.0042089814624006626
9.41	-0.004195594716076112
9.415000000000001	-0.004182257579097322
9.42	-0.004168969841703747
9.425	-0.004155731295130471
9.43	-0.0041425417316029636
9.435	-0.004129400944331876
9.44	-0.004116308727507878
9.445	-0.004103264876296479
9.45	-0.004090269186832965
9.455	-0.004077321456217248
9.46	-0.004064421482508863
9.465	-0.004051569064721912
9.47	-0.004038764002820065
9.475	-0.004026006097711598
9.48	-0.004013295151244434
9.485	-0.004000630966201267
9.49	-0.003988013346294614
9.495000000000001	-0.003975442096162025
9.5	-0.0039629170213612095
9.505	-0.003950437928365234
9.51	-0.003938004624557774
9.515	-0.003925616918228339
9.52	-0.003913274618567573
9.525	-0.00390097753566254
9.53	-0.003888725480492077
9.535	-0.0038765182649221435
9.540000000000001	-0.003864355701701202
9.545	-0.003852237604455649
9.55	-0.0038401637876852362
9.555	-0.00382813406675854
9.56	-0.003816148257908455
9.565	-0.003804206178227715
9.57	-0.003792307645664411
9.575000000000001	-0.003780452479017596
9.58	-0.003768640497932849
9.585	-0.0037568715228978875
9.59	-0.003745145375238244
9.595	-0.0037334618771128884
9.6	-0.0037218208515099604
9.605	-0.0037102221222424527
9.61	-0.0036986655139439753
9.615	-0.003687150852064496
9.620000000000001	-0.0036756779628661536
9.625	-0.0036642466734190613
9.63	-0.0036528568115971236
9.635	-0.0036415082060739234
9.64	-0.003630200686318588
9.645	-0.003618934082591696
9.65	-0.0036077082259412152
9.655	-0.0035965229481984473
9.66	-0.003585378081973994
9.665000000000001	-0.0035742734606537823
9.67	-0.003563208918395054
9.675	-0.003552184290122416
9.68	-0.003541199411523923
9.685	-0.0035302541190471355
9.69	-0.00351934824989526
9.695	-0.0035084816420232453
9.700000000000001	-0.003497654134133961
9.705	-0.003486865565674372
9.71	-0.0034761157768317024
9.715	-0.0034654046085296963
9.72	-0.0034547319024248206
9.725	-0.0034440975009025414
9.73	-0.003433501247073595
9.735	-0.0034229429847703087
9.74	-0.0034124225585428804
9.745000000000001	-0.0034019398136557683
9.75	-0.003391494596084029
9.755	-0.003381086752509691
9.76	-0.003370716130318187
9.765	-0.003360382577594741
9.77	-0.0033500859431208506
9.775	-0.0033398260763707064
9.78	-0.0033296028275077126
9.785	-0.0033194160473809698
9.790000000000001	-0.0033092655875217943
9.795	-0.0032991513001402796
9.8	-0.0032890730381218225
9.805	-0.003279030655023741
9.81	-0.0032690240050718303
9.815	-0.0032590529431570266
9.82	-0.003249117324831999
9.825000000000001	-0.00323921700630784
9.83	-0.003229351844450718
9.835	-0.0032195216967785645
9.84	-0.0032097264214578022
9.845	-0.003199965877300063
9.85	-0.0031902399237589366
9.855	-0.0031805484209267224
9.86	-0.0031708912295312416
9.865	-0.0031612682109325957
9.870000000000001	-0.0031516792271200247
9.875	-0.0031421241407087156
9.88	-0.0031326028149366585
9.885	-0.003123115113661532
9.89	-0.0031136609013575705
9.895	-0.003104240043112482
9.9	-0.0030948524046243587
9.905	-0.0030854978521986307
9.91	-0.0030761762527450037
9.915000000000001	-0.003066887473774446
9.92	-0.003057631383396169
9.925	-0.003048407850314623
9.93	-0.0030392167438265463
9.935	-0.003030057933817973
9.94	-0.0030209312907613075
9.945	-0.0030118366857123766
9.950000000000001	-0.0030027739903075424
9.955	-0.002993743076760783
9.96	-0.002984743817860804
9.965	-0.002975776086968209
9.97	-0.0029668397580125978
9.975	-0.0029579347054897853
9.98	-0.002949060804458937
9.985	-0.0029402179305397956
9.99	-0.0029314059599098714
9.995000000000001	-0.0029226247693016827
