@    title "Stock-Myers: Caso 3" 
@    xaxis  label "r*" 
@    yaxis  label "U*(r*)" 
1.0	237442.0166015625
1.005	223619.96117080573
1.01	210664.41726244744
1.015	198517.19309683857
1.02	187124.26300054128
1.025	176435.45081194284
1.03	166404.138726615
1.035	156986.99942828275
1.04	148143.749542874
1.045	139836.9226269204
1.05	132031.66005919833
1.055	124695.51834761433
1.06	117798.29149326305
1.065	111311.84717164676
1.07	105209.9755983312
1.075	99468.25004389904
1.08	94063.89805180512
1.085	88975.68249354295
1.09	84183.79166907993
1.095	79669.73772753766
1.1	75416.26274415401
1.105	71407.25184525145
1.11	67627.65282371093
1.115	64063.40173380369
1.12	60701.353996526326
1.125	57529.22058523105
1.13	54535.508896630854
1.135	51709.46794453251
1.1400000000000001	49041.037543143226
1.145	46520.80117378462
1.15	44139.94225354493
1.155	41890.203547002086
1.16	39763.849482859194
1.165	37753.631156294956
1.17	35852.75381522514
1.175	34054.846644601064
1.18	32353.934677498455
1.185	30744.41267515865
1.19	29221.02083046057
1.195	27778.822160605025
1.2	26413.181465180474
1.205	25119.74573531939
1.21	23894.425908429417
1.215	22733.379871045036
1.22	21632.996619770816
1.225	20589.881497108578
1.23	19600.842425249964
1.235	18662.877066700883
1.24	17773.160845934693
1.245	16929.035771182884
1.25	16128.0
1.255	15367.698096412223
1.26	14645.911931311453
1.2650000000000001	13960.552181307137
1.27	13309.650384527664
1.275	12691.351514890202
1.28	12103.907039153279
1.2850000000000001	11545.66842364868
1.29	11015.081059976259
1.295	10510.6785811511
1.3	10031.077541732866
1.305	9574.97243735394
1.31	9141.131040808248
1.315	8728.390033480153
1.32	8335.650912386564
1.325	7961.876154493027
1.33	7606.0856212460485
1.335	7267.3531874544915
1.34	6944.80357975407
1.345	6637.609410911761
1.35	6344.988397173841
1.355	6066.200746741472
1.3599999999999999	5800.546708272521
1.365	5547.364269066652
1.37	5306.026993292935
1.375	5075.941991272717
1.38	4856.548011436879
1.385	4647.313647140387
1.3900000000000001	4447.735651040745
1.395	4257.337350234112
1.4	4075.6671557958653
1.405	3902.2971607936306
1.4100000000000001	3736.821821232814
1.415	3578.8567147595836
1.42	3428.037372285835
1.425	3284.0181780169787
1.43	3146.471333658001
1.435	3015.0858828474484
1.44	2889.566792125116
1.445	2769.6340849771045
1.45	2655.0220257246174
1.455	2545.478350229643
1.46	2440.763540584456
1.465	2340.650141131736
1.47	2244.922113330876
1.475	2153.374227142788
1.48	2065.8114867525182
1.4849999999999999	1982.0485885856597
1.49	1901.90940970284
1.495	1825.2265247758628
1.5	1751.8407499609561
1.505	1681.6007120889383
1.51	1614.3624416898865
1.5150000000000001	1549.9889884610527
1.52	1488.3500578722876
1.525	1429.3216676831184
1.53	1372.7858232204567
1.5350000000000001	1318.6302103358223
1.54	1266.7479050265708
1.545	1217.0370987669407
1.55	1169.4008386522542
1.5550000000000002	1123.7467815133966
1.56	1079.9869612091509
1.565	1038.0375683513166
1.57	997.8187417617535
1.5750000000000002	959.2543710021738
1.58	922.2719093563276
1.585	886.8021966809331
1.5899999999999999	852.7792915758898
1.595	820.1403123565218
1.6	788.8252863408329
1.605	758.7770069930444
1.6099999999999999	729.9408984913746
1.615	702.2648873129571
1.62	675.6992804523259
1.625	650.1966499119251
1.63	625.7117231238265
1.635	602.201278981362
1.6400000000000001	579.6240491776313
1.645	557.9406245651194
1.65	537.1133662668011
1.655	517.1063212843868
1.6600000000000001	497.8851423636484
1.665	479.41701189027543
1.67	461.6705696023633
1.675	444.6158439176194
1.6800000000000002	428.2241866845795
1.685	412.46821117771304
1.69	397.3217331662851
1.695	382.7597148962153
1.7000000000000002	368.75821183301923
1.705	355.294322022257
1.71	342.34613793176806
1.7149999999999999	329.8927006473783
1.72	317.91395630073134
1.725	306.39071461450214
1.73	295.3046094564251
1.7349999999999999	284.6380612994618
1.74	274.3742414909209
1.745	264.4970382385837
1.75	254.99102422677927
1.755	245.84142578002147
1.76	237.03409349618858
1.7650000000000001	228.5554742753656
1.77	220.3925846743727
1.775	212.5329855207067
1.78	204.96475772309947
1.7850000000000001	197.67647921919092
1.79	190.65720300392562
1.795	183.89643618523513
1.8	177.38412001633412
1.8050000000000002	171.110610856597
1.81	165.0666620154616
1.815	159.24340643616165
1.82	153.63234017831275
1.8250000000000002	148.22530666047703
1.83	143.01448162582173
1.835	137.99235879587505
1.8399999999999999	133.1517361791594
1.845	128.48570300317374
1.85	123.98762723978658
1.855	119.65114369562401
1.8599999999999999	115.47014264045916
1.865	111.43875894797114
1.87	107.55136172452855
1.875	103.80254440285933
1.88	100.18711527863704
1.885	96.7000884690932
1.8900000000000001	93.33667527381017
1.895	90.09227591882767
1.9	86.96247166612383
1.905	83.9430172714235
1.9100000000000001	81.0298337741146
1.915	78.2190016038516
1.92	75.50675398917765
1.925	72.88947065421416
1.9300000000000002	70.36367179014016
1.935	67.92601228882933
1.94	65.57327622662588
1.945	63.302371586816406
1.9500000000000002	61.11032520990781
1.955	58.994277961342874
1.96	56.951480106781005
1.9649999999999999	54.97928688554662
1.97	53.07515427328906
1.975	51.23663492532994
1.98	49.461374292573836
1.9849999999999999	47.74710690224284
1.99	46.0916527960627
1.995	44.492914118873564
2.0	42.94887185096741
2.005	41.45758267776891
2.01	40.01717599077622
2.015	38.62585101395795
2.02	37.28187405007628
2.025	35.98357584165885
2.0300000000000002	34.729349041589835
2.035	33.517645788521435
2.04	32.346975382524526
2.045	31.21590205661486
2.05	30.123042839984333
2.0549999999999997	29.06706550896061
2.06	28.046686621900452
2.065	27.060669634392234
2.0700000000000003	26.107823091309747
2.075	25.186998892416003
2.08	24.297090628362604
2.085	23.437031984075702
2.09	22.605795206652168
2.0949999999999998	21.802389635020482
2.1	21.02586028874196
2.105	20.275286513447732
2.1100000000000003	19.549780680515113
2.115	18.848486938697093
2.12	18.170580015516705
2.125	17.515264066338204
2.13	16.881771569115664
2.135	16.2693622629112
2.14	15.677322128355708
2.145	15.104962408307834
2.1500000000000004	14.551618667040657
2.1550000000000002	14.016649886361218
2.16	13.49943759713479
2.165	12.9993850447541
2.17	12.515916387156837
2.175	12.048475924053403
2.1799999999999997	11.59652735608754
2.185	11.15955307270473
2.19	10.737053467558106
2.1950000000000003	10.32854628032946
2.2	9.933565963894306
2.205	9.551663075801457
2.21	9.182403693085494
2.215	8.82536884946949
2.2199999999999998	8.48015399405629
2.225	8.146368470645243
2.23	7.823635016846861
2.2350000000000003	7.511589282203174
2.24	7.209879364555306
2.245	6.9181653639305765
2.25	6.636118953252923
2.255	6.363422965209024
2.26	6.099770994630371
2.265	5.8448670157780525
2.27	5.598425013943204
2.2750000000000004	5.360168630798919
2.2800000000000002	5.1298308229645775
2.285	4.907153533264217
2.29	4.691887374182813
2.295	4.483791323044461
2.3	4.2826324284558135
2.3049999999999997	4.088185527577111
2.31	3.900232973800864
2.315	3.718564374435129
2.3200000000000003	3.542976338005193
2.325	3.3732722308027254
2.33	3.2092619423266546
2.335	3.0507616592744657
2.34	2.8975936477560946
2.3449999999999998	2.7495860434163077
2.35	2.6065726491632555
2.355	2.468392740214157
2.3600000000000003	2.3348908761792213
2.365	2.2059167199174636
2.37	2.0813248629075174
2.375	1.9609746568876094
2.38	1.8447300515280283
2.385	1.7324594379090819
2.39	1.6240354975865392
2.395	1.5193350570349686
2.4000000000000004	1.4182389472676658
2.4050000000000002	1.3206318684400884
2.41	1.2264022592506638
2.415	1.1354421709608014
2.42	1.0476471458623964
2.425	0.9629161000280808
2.4299999999999997	0.8811512101857435
2.435	0.8022578045650244
2.44	0.7261442575695449
2.4450000000000003	0.6527218881339021
2.45	0.5819048616304521
2.455	0.5136100951955154
2.46	0.4477571663502147
2.465	0.38426822479537925
2.4699999999999998	0.3230679072651288
2.475	0.2640832553276775
2.48	0.20724363602647777
2.4850000000000003	0.15248066525875448
2.49	0.0997281337923841
2.495	0.04892193582591098
2.5	0.0
2.505	-0.047097777227812276
2.51	-0.0924295959299486
2.515	-0.1360518148588823
2.52	-0.1780190114790341
2.5250000000000004	-0.21838403995621425
2.5300000000000002	-0.25719808717728476
2.535	-0.2945107268702838
2.54	-0.3303699718923636
2.545	-0.3648223247505986
2.55	-0.39791282641814174
2.5549999999999997	-0.4296851035060283
2.56	-0.46018141384855804
2.565	-0.48944269055815726
2.5700000000000003	-0.5175085846035095
2.575	-0.544417505962727
2.58	-0.5702066634015419
2.585	-0.5949121029245257
2.59	-0.618568744945688
2.5949999999999998	-0.6412104202230693
2.6	-0.6628699046003224
2.605	-0.6835789525966933
2.6100000000000003	-0.7033683298853615
2.615	-0.7222678446985475
2.62	-0.7403063781965344
2.625	-0.7575119138362729
2.63	-0.7739115657740641
2.635	-0.7895316063354949
2.64	-0.804397492584644
2.645	-0.818533892023404
2.6500000000000004	-0.8319647074507037
2.6550000000000002	-0.8447131010102618
2.66	-0.8568015174545931
2.665	-0.8682517066518936
2.67	-0.8790847453615549
2.675	-0.8893210583031084
2.6799999999999997	-0.8989804385425288
2.685	-0.9080820672189813
2.69	-0.9166445326342665
2.6950000000000003	-0.924685848726462
2.7	-0.9322234729484533
2.705	-0.9392743235713785
2.71	-0.9458547964322428
2.715	-0.9519807811443461
2.7199999999999998	-0.9576676767884631
2.725	-0.9629304071021207
2.73	-0.9677834351836974
2.7350000000000003	-0.9722407777274924
2.74	-0.9763160188053439
2.745	-0.9800223232098468
2.75	-0.9833724493736826
2.755	-0.9863787618790862
2.76	-0.9890532435709849
2.765	-0.9914075072868682
2.77	-0.9934528072160194
2.7750000000000004	-0.9952000499002782
2.7800000000000002	-0.9966598048881099
2.785	-0.9978423150533395
2.79	-0.9987575065895222
2.795	-0.9994149986905485
2.8	-0.9998241129277265
2.8049999999999997	-0.9999938823332222
2.81	-0.9999330601994102
2.815	-0.9996501286033705
2.8200000000000003	-0.9991533066654337
2.825	-0.9984505585503998
2.83	-0.9975496012197418
2.835	-0.9964579119428452
2.84	-0.9951827355750467
2.8449999999999998	-0.9937310916099842
2.85	-0.9921097810135148
2.855	-0.9903253928462153
2.8600000000000003	-0.9883843106812404
2.865	-0.9862927188240963
2.87	-0.9840566083406589
2.875	-0.9816817828995615
2.88	-0.97917386443487
2.885	-0.9765382986347674
2.89	-0.9737803602617817
2.895	-0.9709051583099055
2.9000000000000004	-0.9679176410037759
2.9050000000000002	-0.9648226006449252
2.91	-0.9616246783099289
2.915	-0.9583283684051348
2.92	-0.9549380230824941
2.925	-0.9514578565208706
2.9299999999999997	-0.9478919490770585
2.935	-0.9442442513106053
2.94	-0.940518587886393
2.9450000000000003	-0.9367186613588125
2.95	-0.9328480558412389
2.955	-0.9289102405643832
2.96	-0.9249085733269987
2.965	-0.9208463038422932
2.9699999999999998	-0.9167265769832927
2.975	-0.9125524359303028
2.98	-0.9083268252235037
2.9850000000000003	-0.9040525937236246
2.99	-0.8997324974835439
2.995	-0.8953692025335713
3.0	-0.8909652875830761
3.005	-0.8865232466410523
3.0100000000000002	-0.8820454915581082
3.015	-0.8775343544923102
3.02	-0.8729920903012109
3.025	-0.8684208788623449
3.0300000000000002	-0.8638228273243689
3.035	-0.859199972290989
3.04	-0.8545542819397134
3.045	-0.8498876580774455
3.05	-0.8452019381348235
3.055	-0.840498897101193
3.06	-0.8357802494020121
3.065	-0.831047650720441
3.07	-0.8263026997648164
3.075	-0.8215469399836548
3.08	-0.8167818612297706
3.085	-0.8120089013750557
3.09	-0.8072294478774136
3.095	-0.8024448393012894
3.1	-0.7976563667932095
3.105	-0.7928652755136696
3.11	-0.7880727660267046
3.115	-0.7832799956484036
3.12	-0.7784880797556106
3.125	-0.7736980930560002
3.13	-0.7689110708206943
3.1350000000000002	-0.7641280100805419
3.14	-0.7593498707871474
3.145	-0.7545775769397012
3.15	-0.7498120176786403
3.1550000000000002	-0.7450540483471266
3.16	-0.7403044915213046
3.165	-0.7355641380102584
3.17	-0.7308337478265923
3.1750000000000003	-0.7261140511284864
3.18	-0.7214057491340887
3.185	-0.7167095150090597
3.19	-0.712025994728066
3.195	-0.7073558079110017
3.2	-0.7026995486346713
3.205	-0.6980577862206803
3.21	-0.6934310660002158
3.215	-0.6888199100564177
3.22	-0.6842248179449885
3.225	-0.6796462673936924
3.23	-0.6750847149813592
3.235	-0.670540596797
3.24	-0.6660143290796197
3.245	-0.6615063088392923
3.25	-0.6570169144600475
3.255	-0.652546506285105
3.2600000000000002	-0.6480954271849746
3.265	-0.6436640031089242
3.27	-0.639252543620294
3.275	-0.6348613424161444
3.2800000000000002	-0.6304906778316826
3.285	-0.6261408133299222
3.29	-0.6218119979769947
3.295	-0.617504466903548
3.3000000000000003	-0.6132184417526183
3.305	-0.60895413111439
3.31	-0.6047117309482056
3.315	-0.6004914249922081
3.32	-0.5962933851609774
3.325	-0.5921177719314966
3.33	-0.5879647347178035
3.335	-0.583834412234641
3.34	-0.5797269328504338
3.345	-0.5756424149299019
3.35	-0.5715809671666034
3.355	-0.5675426889057046
3.36	-0.5635276704572572
3.365	-0.5595359934002591
3.37	-0.5555677308777658
3.375	-0.5516229478833033
3.38	-0.5477017015388469
3.3850000000000002	-0.5438040413645954
3.39	-0.5399300095407904
3.395	-0.5360796411617971
3.4	-0.5322529644826804
3.4050000000000002	-0.5284500011584868
3.41	-0.5246707664764454
3.415	-0.5209152695812839
3.42	-0.5171835136938722
3.4250000000000003	-0.5134754963233703
3.43	-0.5097912094730775
3.435	-0.5061306398401596
3.44	-0.5024937690094285
3.445	-0.4988805736413525
3.45	-0.49529102565445116
3.455	-0.49172509240224993
3.46	-0.4881827368449365
3.465	-0.4846639177158814
3.47	-0.4811685896831662
3.475	-0.4776967035062625
3.48	-0.47424820618799957
3.485	-0.47082304112195983
3.49	-0.4674211482354266
3.495	-0.4640424641280225
3.5	-0.4606869222061452
3.505	-0.45735445281333964
3.5100000000000002	-0.45404498335670923
3.515	-0.4507584384294869
3.52	-0.44749473992987177
3.525	-0.44425380717624163
3.5300000000000002	-0.4410355570188431
3.535	-0.43783990394806227
3.54	-0.4346667601993696
3.545	-0.43151603585504
3.5500000000000003	-0.4283876389427369
3.555	-0.42528147553105095
3.56	-0.42219744982207885
3.565	-0.419135464241133
3.57	-0.4160954195236555
3.575	-0.4130772147994238
3.58	-0.41008074767412483
3.585	-0.4071059143083666
3.59	-0.4041526094942093
3.595	-0.40122072672928255
3.6	-0.398310158288559
3.605	-0.39542079529384977
3.61	-0.3925525277810909
3.615	-0.3897052447654811
3.62	-0.386878834304535
3.625	-0.3840731835591078
3.63	-0.381288178852455
3.6350000000000002	-0.37852370572737953
3.64	-0.3757796490015256
3.645	-0.37305589282086477
3.65	-0.3703523207114369
3.6550000000000002	-0.3676688156293892
3.66	-0.365005260009363
3.665	-0.36236153581127833
3.67	-0.35973752456556224
3.6750000000000003	-0.3571331074168634
3.68	-0.35454816516630117
3.685	-0.35198257831228547
3.69	-0.34943622708995525
3.695	-0.3469089915092717
3.7	-0.34440075139180526
3.705	-0.34191138640625857
3.71	-0.33944077610275386
3.715	-0.33698879994593195
3.72	-0.33455533734688475
3.725	-0.3321402676939696
3.73	-0.32974347038252205
3.735	-0.32736482484351465
3.74	-0.3250042105711821
3.745	-0.3226615071496467
3.75	-0.3203365942785745
3.755	-0.3180293517978893
3.7600000000000002	-0.3157396597115698
3.765	-0.313467398210564
3.77	-0.3112124476948384
3.775	-0.3089746887945928
3.7800000000000002	-0.3067540023906639
3.785	-0.30455026963414455
3.79	-0.30236337196523255
3.795	-0.30019319113134685
3.8000000000000003	-0.2980396092045184
3.805	-0.29590250859808753
3.81	-0.29378177208272194
3.815	-0.2916772828017803
3.82	-0.28958892428603805
3.825	-0.28751658046779616
3.83	-0.2854601356943915
3.835	-0.283419474741124
3.84	-0.2813944828236241
3.845	-0.27938504560966965
3.85	-0.2773910492304785
3.855	-0.2754123802914815
3.86	-0.2734489258826023
3.865	-0.27150057358805274
3.87	-0.26956721149566043
3.875	-0.26764872820574237
3.88	-0.26574501283954083
3.8850000000000002	-0.26385595504723075
3.89	-0.2619814450155175
3.895	-0.2601213734748322
3.9	-0.25827563170614054
3.9050000000000002	-0.25644411154737656
3.91	-0.2546267053995138
3.915	-0.25282330623228133
3.92	-0.2510338075895426
3.9250000000000003	-0.2492581035943415
3.93	-0.24749608895363043
3.935	-0.24574765896268705
3.94	-0.24401270950923387
3.945	-0.24229113707726596
3.95	-0.2405828387505988
3.955	-0.2388877122161459
3.96	-0.2372056557669306
3.965	-0.2355365683048482
3.97	-0.23388034934317808
3.975	-0.2322368990088619
3.98	-0.23060611804454953
3.985	-0.22898790781042355
3.99	-0.22738217028581026
3.995	-0.2257888080705825
4.0	-0.2242077243863605
4.005	-0.22263882307752206
4.01	-0.2210820086120239
4.015000000000001	-0.21953718608204192
4.02	-0.2180042612044399
4.025	-0.21648314032106547
4.03	-0.21497373039888917
4.035	-0.2134759390299817
4.04	-0.21198967443134345
4.045	-0.21051484544458704
4.050000000000001	-0.20905136153547896
4.055	-0.20759913279334857
4.0600000000000005	-0.2061580699303605
4.0649999999999995	-0.20472808428067024
4.07	-0.20330908779944895
4.075	-0.20190099306180131
4.08	-0.20050371326156333
4.085	-0.19911716220999678
4.09	-0.19774125433437947
4.095000000000001	-0.19637590467649357
4.1	-0.1950210288910218
4.105	-0.1936765432438465
4.109999999999999	-0.1923423646102673
4.115	-0.19101841047312584
4.12	-0.1897045989208569
4.125	-0.18840084864545584
4.13	-0.18710707894037387
4.135	-0.18582320969834226
4.140000000000001	-0.18454916140912578
4.145	-0.18328485515721377
4.15	-0.1820302126194439
4.155	-0.18078515606257226
4.16	-0.1795496083407805
4.165	-0.17832349289313146
4.17	-0.17710673374097302
4.175000000000001	-0.17589925548529026
4.18	-0.1747009833040138
4.1850000000000005	-0.1735118429492792
4.1899999999999995	-0.1723317607446486
4.195	-0.1711606635822867
4.2	-0.16999847892010417
4.205	-0.16884513477885996
4.21	-0.16770055973923226
4.215	-0.16656468293885662
4.220000000000001	-0.1654374340693328
4.225	-0.16431874337320473
4.23	-0.16320854164091078
4.234999999999999	-0.16210676020771303
4.24	-0.161013330950598
4.245	-0.15992818628516114
4.25	-0.15885125916246515
4.255	-0.1577824830658835
4.26	-0.1567217920079254
4.265000000000001	-0.1556691205270434
4.27	-0.15462440368442906
4.275	-0.1535875770607909
4.28	-0.15255857675312598
4.285	-0.15153733937147476
4.29	-0.15052380203567026
4.295	-0.14951790237207677
4.300000000000001	-0.14851957851032138
4.305	-0.1475287690800202
4.3100000000000005	-0.14654541320749628
4.3149999999999995	-0.1455694505124975
4.32	-0.14460082110490569
4.325	-0.14363946558144897
4.33	-0.14268532502240805
4.335	-0.14173834098832344
4.34	-0.14079845551670267
4.345000000000001	-0.1398656111187286
4.35	-0.1389397507759702
4.355	-0.13802081793709176
4.359999999999999	-0.13710875651457197
4.365	-0.13620351088141966
4.37	-0.13530502586790027
4.375	-0.1344132467582629
4.38	-0.13352811928747538
4.385	-0.13264958963796503
4.390000000000001	-0.13177760443636705
4.395	-0.13091211075028028
4.4	-0.13005305608502843
4.405	-0.12920038838043532
4.41	-0.12835405600760327
4.415	-0.12751400776570496
4.42	-0.1266801928787834
4.425000000000001	-0.12585256099256314
4.43	-0.12503106217127227
4.4350000000000005	-0.12421564689447388
4.4399999999999995	-0.12340626605391283
4.445	-0.12260287095037037
4.45	-0.12180541329053375
4.455	-0.12101384518387814
4.46	-0.12022811913955973
4.465	-0.11944818806332494
4.470000000000001	-0.1186740052544305
4.475	-0.11790552440257983
4.48	-0.11714269958487036
4.484999999999999	-0.11638548526276002
4.49	-0.11563383627904206
4.495	-0.11488770785484119
4.5	-0.11414705558661992
4.505	-0.1134118354432021
4.51	-0.11268200376281244
4.515000000000001	-0.11195751725013012
4.52	-0.11123833297336011
4.525	-0.11052440836131751
4.53	-0.10981570120053252
4.535	-0.10911216963236677
4.54	-0.10841377215014947
4.545	-0.10772046759632868
4.550000000000001	-0.10703221515963922
4.555	-0.10634897437228859
4.5600000000000005	-0.10567070510715708
4.5649999999999995	-0.10499736757501857
4.57	-0.10432892232177425
4.575	-0.10366533022570719
4.58	-0.10300655249475141
4.585	-0.10235255066377963
4.59	-0.1017032865919077
4.595000000000001	-0.1010587224598166
4.6	-0.10041882076709267
4.605	-0.09978354432958239
4.609999999999999	-0.0991528562767696
4.615	-0.09852672004916468
4.62	-0.09790509939571568
4.625	-0.09728795837123454
4.63	-0.0966752613338415
4.635	-0.09606697294242786
4.640000000000001	-0.09546305815413471
4.645	-0.09486348222185115
4.65	-0.0942682106917278
4.655	-0.09367720940071099
4.66	-0.09309044447409084
4.665	-0.09250788232307014
4.67	-0.09192948964234834
4.675000000000001	-0.09135523340772446
4.68	-0.09078508087371745
4.6850000000000005	-0.09021899957120245
4.6899999999999995	-0.0896569573050667
4.695	-0.08909892215188046
4.7	-0.0885448624575879
4.705	-0.08799474683521247
4.71	-0.08744854416258165
4.715	-0.08690622358006754
4.720000000000001	-0.0863677544883454
4.725	-0.08583310654616927
4.73	-0.08530224966816316
4.734999999999999	-0.08477515402263196
4.74	-0.08425179002938604
4.745	-0.08373212835758559
4.75	-0.0832161399235995
4.755	-0.08270379588888242
4.76	-0.08219506765786733
4.765000000000001	-0.08168992687587588
4.77	-0.08118834542704445
4.775	-0.0806902954322661
4.78	-0.0801957492471505
4.785	-0.07970467945999861
4.79	-0.07921705888979419
4.795	-0.07873286058421132
4.800000000000001	-0.07825205781763808
4.805	-0.07777462408921643
4.8100000000000005	-0.07730053312089638
4.8149999999999995	-0.07682975885550912
4.82	-0.07636227545485165
4.825	-0.0758980572977915
4.83	-0.07543707897838325
4.835	-0.07497931530400241
4.84	-0.07452474129349461
4.845000000000001	-0.07407333217533918
4.85	-0.07362506338582923
4.855	-0.07317991056726475
4.859999999999999	-0.07273784956616364
4.865	-0.07229885643148411
4.87	-0.07186290741286555
4.875	-0.07142997895888129
4.88	-0.07100004771530728
4.885	-0.07057309052340517
4.890000000000001	-0.07014908441821961
4.895	-0.06972800662689052
4.9	-0.06930983456697805
4.905	-0.06889454584480406
4.91	-0.06848211825380568
4.915	-0.06807252977290366
4.92	-0.06766575856488445
4.925000000000001	-0.06726178297479635
4.93	-0.06686058152835908
4.9350000000000005	-0.06646213293038662
4.9399999999999995	-0.0660664160632246
4.945	-0.06567340998519963
4.95	-0.06528309392908331
4.955	-0.06489544730056862
4.96	-0.0645104496767599
4.965	-0.0641280808046753
4.970000000000001	-0.06374832059976283
4.975	-0.06337114914442886
4.98	-0.062996546686579
4.984999999999999	-0.06262449363817317
4.99	-0.06225497057379042
4.995	-0.061887958229209776
5.0	-0.0615234375
5.005	-0.06116138944012429
5.01	-0.060801795260555465
5.015	-0.060444636327904123
5.0200000000000005	-0.06008989416305843
5.025	-0.05973755043983606
5.03	-0.05938758698364751
5.035	-0.05903998577017166
5.04	-0.05869472892404265
5.045	-0.05835179871754823
5.05	-0.05801117756933992
5.055	-0.057672848043154167
5.0600000000000005	-0.05733679284654481
5.065	-0.05700299482962699
5.07	-0.05667143698383183
5.075	-0.05634210244067224
5.08	-0.056014974470519625
5.085	-0.055690036481391515
5.09	-0.0553672720177497
5.095	-0.0550466647593093
5.1	-0.054728198519858065
5.105	-0.05441185724608631
5.11	-0.05409762501642759
5.115	-0.05378548603990875
5.12	-0.05347542465501129
5.125	-0.05316742532854195
5.13	-0.05286147265451406
5.135	-0.0525575513530382
5.14	-0.052255646269223396
5.1450000000000005	-0.051955742372087374
5.15	-0.05165782475347742
5.155	-0.05136187862699995
5.16	-0.05106788932696028
5.165	-0.05077584230731159
5.17	-0.05048572314061335
5.175	-0.05019751751699907
5.18	-0.04991121124315324
5.1850000000000005	-0.04962679024129737
5.19	-0.04934424054818536
5.195	-0.049063548314107495
5.2	-0.04878469980190356
5.205	-0.048507681385984894
5.21	-0.0482324795513649
5.215	-0.047959080892698715
5.22	-0.047687472113330964
5.225	-0.04741764002435245
5.23	-0.04714957154366506
5.235	-0.04688325369505541
5.24	-0.04661867360727627
5.245	-0.04635581851313673
5.25	-0.04609467574860019
5.255	-0.04583523275189086
5.26	-0.0455774770626078
5.265	-0.04532139632084728
5.2700000000000005	-0.045066978266332804
5.275	-0.044814210737553324
5.28	-0.044563081670908666
5.285	-0.04431357909986301
5.29	-0.04406569115410596
5.295	-0.043819406058720985
5.3	-0.04357471213336162
5.305	-0.04333159779143476
5.3100000000000005	-0.0430900515392915
5.315	-0.04285006197542533
5.32	-0.042611617789677265
5.325	-0.042374707762448394
5.33	-0.04213932076391944
5.335	-0.0419054457532773
5.34	-0.04167307177794861
5.345	-0.04144218797284009
5.3500000000000005	-0.04121278355958598
5.355	-0.04098484784580202
5.36	-0.04075837022434614
5.365	-0.040533340172586016
5.37	-0.04030974725167305
5.375	-0.04008758110582284
5.38	-0.039866831461602435
5.385	-0.0396474881272236
5.39	-0.039429540991842725
5.3950000000000005	-0.03921298002486685
5.4	-0.03899779527526629
5.405	-0.03878397687089295
5.41	-0.038571515017805
5.415	-0.038360399999597915
5.42	-0.038150622176741034
5.425	-0.03794217198592037
5.43	-0.037735039939387434
5.4350000000000005	-0.037529216624313515
5.44	-0.03732469270215042
5.445	-0.03712145890799614
5.45	-0.03691950604996692
5.455	-0.03671882500857469
5.46	-0.03651940673611005
5.465	-0.03632124225603092
5.47	-0.036124322662356566
5.4750000000000005	-0.03592863911906727
5.48	-0.03573418285950915
5.485	-0.03554094518580454
5.49	-0.03534891746826742
5.495	-0.035158091144824426
5.5	-0.03496845772044081
5.505	-0.03478000876655159
5.51	-0.0345927359204979
5.515	-0.034406630884968294
5.5200000000000005	-0.0342216854274451
5.525	-0.034037891379655946
5.53	-0.033855240637029695
5.535	-0.033673725158157815
5.54	-0.033493336964260205
5.545	-0.03331406813865605
5.55	-0.03313591082623921
5.555	-0.03295885723295849
5.5600000000000005	-0.03278289962530244
5.565	-0.032608030329788824
5.57	-0.03243424173245868
5.575	-0.032261526278374746
5.58	-0.03208987647112474
5.585	-0.03191928487232856
5.59	-0.03174974410115044
5.595	-0.03158124683381506
5.6000000000000005	-0.031413785803128064
5.605	-0.031247353798001157
5.61	-0.031081943662981008
5.615	-0.03091754829778257
5.62	-0.030754160656826693
5.625	-0.03059177374878155
5.63	-0.03043038063610854
5.635	-0.03026997443461182
5.64	-0.03011054831299219
5.6450000000000005	-0.029952095492404813
5.65	-0.029794609246020908
5.655	-0.029638082898593304
5.66	-0.029482509826025807
5.665	-0.02932788345494668
5.67	-0.029174197262285567
5.675	-0.029021444774854323
5.68	-0.02886961956893169
5.6850000000000005	-0.028718715269851477
5.69	-0.02856872555159454
5.695	-0.02841964413638422
5.7	-0.028271464794285585
5.705	-0.02812418134280806
5.71	-0.027977787646511657
5.715	-0.02783227761661668
5.72	-0.02768764521061692
5.7250000000000005	-0.027543884431896194
5.73	-0.027400989329348435
5.735	-0.02725895399700096
5.74	-0.027117772573641164
5.745	-0.026977439242446583
5.75	-0.026837948230618098
5.755	-0.026699293809016485
5.76	-0.02656147029180212
5.765	-0.026424472036077874
5.7700000000000005	-0.026288293441535174
5.775	-0.026152928950103276
5.78	-0.026018373045601336
5.785	-0.025884620253394
5.79	-0.02575166514004958
5.795	-0.02561950231300159
5.8	-0.025488126420213038
5.805	-0.025357532149843796
5.8100000000000005	-0.02522771422992085
5.815	-0.025098667428011506
5.82	-0.024970386550899306
5.825	-0.024842866444263027
5.83	-0.024716101992358283
5.835	-0.02459008811770215
5.84	-0.024464819780760313
5.845	-0.02434029197963713
5.8500000000000005	-0.02421649974976834
5.855	-0.024093438163616532
5.86	-0.023971102330369178
5.865	-0.02384948739563941
5.87	-0.023728588541169326
5.875	-0.023608400984536003
5.88	-0.02348891997885998
5.885	-0.023370140812516326
5.89	-0.023252058808848244
5.8950000000000005	-0.02313466932588318
5.9	-0.023017967756051416
5.905	-0.022901949525907007
5.91	-0.02278661009585133
5.915	-0.022671944959858935
5.92	-0.022557949645205813
5.925	-0.022444619712199992
5.93	-0.02233195075391457
5.9350000000000005	-0.022219938395922893
5.94	-0.022108578296036352
5.945	-0.02199786614404405
5.95	-0.021887797661455058
5.955	-0.02177836860124276
5.96	-0.02166957474759146
5.965	-0.02156141191564518
5.97	-0.021453875951258583
5.9750000000000005	-0.021346962730750173
5.98	-0.021240668160657523
5.985	-0.02113498817749469
5.99	-0.021029918747511624
5.995	-0.020925455866455823
6.0	-0.02082159555933591
6.005	-0.02071833388018733
6.01	-0.020615666911840014
6.015	-0.020513590765688098
6.0200000000000005	-0.020412101581461572
6.025	-0.020311195527000035
6.03	-0.020210868798028133
6.035	-0.020111117617933206
6.04	-0.020011938237544723
6.045	-0.019913326934915626
6.05	-0.01981528001510554
6.055	-0.019717793809965873
6.0600000000000005	-0.01962086467792674
6.065	-0.019524489003785818
6.07	-0.019428663198498782
6.075	-0.019333383698971748
6.08	-0.019238646967855433
6.085	-0.019144449493341126
6.09	-0.01905078778895824
6.095	-0.01895765839337377
6.1000000000000005	-0.018865057870193404
6.105	-0.018772982807764373
6.11	-0.01868142981897988
6.115	-0.018590395541085273
6.12	-0.018499876635485944
6.125	-0.018409869787556706
6.13	-0.018320371706452922
6.135	-0.01823137912492317
6.14	-0.018142888799123614
6.1450000000000005	-0.018054897508433733
6.15	-0.01796740205527392
6.155	-0.01788039926492433
6.16	-0.017793885985345523
6.165	-0.01770785908700043
6.17	-0.01762231546267794
6.175	-0.017537252027318036
6.18	-0.017452665717838215
6.1850000000000005	-0.017368553492961552
6.19	-0.017284912333046226
6.195	-0.017201739239916355
6.2	-0.01711903123669436
6.205	-0.017036785367634755
6.21	-0.01695499869795927
6.215	-0.016873668313693444
6.22	-0.016792791321504554
6.2250000000000005	-0.016712364848540873
6.23	-0.01663238604227246
6.235	-0.016552852070332996
6.24	-0.0164737601203632
6.245	-0.016395107399855523
6.25	-0.016316891136000006
6.255	-0.0162391085755316
6.26	-0.016161756984578723
6.265	-0.01608483364851299
6.2700000000000005	-0.016008335871800318
6.275	-0.015932260977853333
6.28	-0.01585660630888476
6.285	-0.01578136922576234
6.29	-0.015706547107864757
6.295	-0.01563213735293887
6.3	-0.015558137376958157
6.305	-0.015484544613982179
6.3100000000000005	-0.015411356516017438
6.315	-0.015338570552879313
6.32	-0.015266184212055034
6.325	-0.015194194998567924
6.33	-0.015122600434842811
6.335	-0.015051398060572412
6.34	-0.01498058543258498
6.345	-0.014910160124712916
6.3500000000000005	-0.014840119727662566
6.355	-0.01477046184888513
6.36	-0.01470118411244849
6.365	-0.014632284158910285
6.37	-0.014563759645191889
6.375	-0.014495608244453532
6.38	-0.014427827645970446
6.385	-0.014360415555009966
6.39	-0.014293369692709718
6.3950000000000005	-0.014226687795956759
6.4	-0.014160367617267858
6.405	-0.014094406924670497
6.41	-0.01402880350158514
6.415	-0.013963555146708287
6.42	-0.013898659673896568
6.425	-0.013834114912051809
6.43	-0.013769918705006944
6.4350000000000005	-0.013706068911413008
6.44	-0.013642563404626943
6.445	-0.013579400072600407
6.45	-0.013516576817769386
6.455	-0.013454091556944913
6.46	-0.01339194222120442
6.465	-0.01333012675578422
6.47	-0.01326864311997273
6.4750000000000005	-0.013207489287004598
6.48	-0.013146663243955779
6.485	-0.013086162991639267
6.49	-0.013025986544501938
6.495	-0.012966131930522054
6.5	-0.012906597191107646
6.505	-0.012847380380995756
6.51	-0.012788479568152537
6.515	-0.012729892833673994
6.5200000000000005	-0.012671618271687774
6.525	-0.012613653989255602
6.53	-0.01255599810627651
6.535	-0.012498648755390918
6.54	-0.012441604081885473
6.545	-0.012384862243598633
6.55	-0.01232842141082708
6.555	-0.012272279766232777
6.5600000000000005	-0.012216435504750942
6.565	-0.01216088683349863
6.57	-0.012105631971684093
6.575	-0.012050669150516906
6.58	-0.011995996613118811
6.585	-0.011941612614435255
6.59	-0.011887515421147632
6.595	-0.011833703311586306
6.6000000000000005	-0.011780174575644278
6.605	-0.011726927514691534
6.61	-0.011673960441490147
6.615	-0.011621271680109986
6.62	-0.011568859565845193
6.625	-0.01151672244513121
6.63	-0.011464858675462623
6.635	-0.011413266625311566
6.64	-0.011361944674046765
6.6450000000000005	-0.011310891211853302
6.65	-0.011260104639653021
6.655	-0.011209583369025469
6.66	-0.011159325822129586
6.665	-0.011109330431625994
6.67	-0.011059595640599874
6.675	-0.011010119902484438
6.68	-0.010960901680985137
6.6850000000000005	-0.010911939450004328
6.69	-0.010863231693566629
6.695	-0.010814776905744833
6.7	-0.010766573590586432
6.705	-0.01071862026204073
6.71	-0.010670915443886484
6.715	-0.010623457669660226
6.72	-0.010576245482585029
6.7250000000000005	-0.010529277435499942
6.73	-0.010482552090789942
6.735	-0.010436068020316427
6.74	-0.010389823805348275
6.745	-0.010343818036493486
6.75	-0.010298049313631282
6.755	-0.010252516245844863
6.76	-0.010207217451354554
6.765	-0.01016215155745161
6.7700000000000005	-0.010117317200432446
6.775	-0.010072713025533487
6.78	-0.010028337686866392
6.785	-0.00998418984735395
6.79	-0.009940268178666348
6.795	-0.009896571361158018
6.8	-0.009853098083804971
6.805	-0.009809847044142578
6.8100000000000005	-0.009766816948203904
6.815	-0.009724006510458493
6.82	-0.00968141445375164
6.825	-0.009639039509244083
6.83	-0.009596880416352333
6.835	-0.00955493592268925
6.84	-0.009513204784005264
6.845	-0.009471685764129979
6.8500000000000005	-0.009430377634914205
6.855	-0.009389279176172537
6.86	-0.009348389175626299
6.865	-0.009307706428846955
6.87	-0.009267229739199977
6.875	-0.009226957917789158
6.88	-0.009186889783401314
6.885	-0.009147024162451486
6.89	-0.009107359888928504
6.8950000000000005	-0.009067895804340979
6.9	-0.009028630757663799
6.905	-0.008989563605284927
6.91	-0.008950693210952682
6.915	-0.008912018445723403
6.92	-0.00887353818790955
6.925	-0.008835251323028141
6.93	-0.008797156743749677
6.9350000000000005	-0.008759253349847392
6.94	-0.008721540048146945
6.945	-0.00868401575247644
6.95	-0.008646679383616901
6.955	-0.008609529869253089
6.96	-0.00857256614392471
6.965	-0.008535787148977987
6.97	-0.008499191832517638
6.9750000000000005	-0.008462779149359164
6.98	-0.00842654806098159
6.985	-0.008390497535480513
6.99	-0.00835462654752146
6.995	-0.008318934078293745
7.0	-0.008283419115464567
7.005	-0.008248080653133476
7.01	-0.008212917691787242
7.015000000000001	-0.008177929238254994
7.0200000000000005	-0.008143114305663801
7.025	-0.008108471913394453
7.03	-0.008074001087037748
7.035	-0.00803970085835096
7.04	-0.008005570265214748
7.045	-0.007971608351590349
7.05	-0.007937814167477072
7.055	-0.007904186768870197
7.0600000000000005	-0.00787072521771909
7.065	-0.00783742858188575
7.07	-0.007804295935103572
7.075	-0.007771326356936464
7.08	-0.007738518932738305
7.085	-0.007705872753612663
7.09	-0.007673386916372842
7.095	-0.007641060523502243
7.1000000000000005	-0.007608892683114974
7.105	-0.00757688250891686
7.11	-0.0075450291201666145
7.115	-0.007513331641637424
7.12	-0.0074817892035787485
7.125	-0.00745040094167847
7.13	-0.00741916599702525
7.135	-0.007388083516071252
7.140000000000001	-0.007357152650595079
7.1450000000000005	-0.00732637255766506
7.15	-0.007295742399602749
7.155	-0.00726526134394671
7.16	-0.007234928563416614
7.165	-0.007204743235877582
7.17	-0.007174704544304783
7.175	-0.007144811676748305
7.18	-0.007115063826298316
7.1850000000000005	-0.00708546019105045
7.19	-0.007055999974071485
7.195	-0.007026682383365239
7.2	-0.006997506631838758
7.205	-0.0069684719372687534
7.21	-0.006939577522268254
7.215	-0.006910822614253566
7.22	-0.006882206445411436
7.2250000000000005	-0.006853728252666449
7.23	-0.006825387277648748
7.235	-0.006797182766661878
7.24	-0.006769113970650968
7.245	-0.006741180145171103
7.25	-0.0067133805503559445
7.255	-0.006685714450886572
7.26	-0.006658181115960596
7.265000000000001	-0.0066307798192614086
7.2700000000000005	-0.006603509838927812
7.275	-0.006576370457523711
7.28	-0.00654936096200813
7.285	-0.006522480643705438
7.29	-0.006495728798275771
7.295	-0.006469104725685688
7.3	-0.006442607730179042
7.305	-0.006416237120248079
7.3100000000000005	-0.006389992208604693
7.315	-0.006363872312152018
7.32	-0.0063378767519560696
7.325	-0.006312004853217719
7.33	-0.006286255945244834
7.335	-0.006260629361424591
7.34	-0.006235124439196067
7.345	-0.0062097405200229406
7.3500000000000005	-0.006184476949366483
7.355	-0.006159333076658688
7.36	-0.006134308255275621
7.365	-0.006109401842510943
7.37	-0.0060846131995496945
7.375	-0.006059941691442159
7.38	-0.0060353866870780475
7.385	-0.0060109475591607515
7.390000000000001	-0.005986623684181884
7.3950000000000005	-0.00596241444239594
7.4	-0.005938319217795167
7.405	-0.00591433739808463
7.41	-0.005890468374657429
7.415	-0.0058667115425701235
7.42	-0.005843066300518341
7.425	-0.005819532050812529
7.43	-0.005796108199353905
7.4350000000000005	-0.005772794155610591
7.44	-0.005749589332593916
7.445	-0.0057264931468348785
7.45	-0.005703505018360785
7.455	-0.005680624370672057
7.46	-0.005657850630719234
7.465	-0.005635183228880093
7.47	-0.005612621598936973
7.4750000000000005	-0.005590165178054259
7.48	-0.005567813406756004
7.485	-0.005545565728903741
7.49	-0.005523421591674455
7.495	-0.005501380445538673
7.5	-0.0054794417442387755
7.505	-0.005457604944767421
7.51	-0.005435869507346136
7.515000000000001	-0.005414234895404046
7.5200000000000005	-0.005392700575556821
7.525	-0.00537126601758567
7.53	-0.005349930694416574
7.535	-0.005328694082099644
7.54	-0.005307555659788593
7.545	-0.005286514909720411
7.55	-0.005265571317195141
7.555	-0.0052447243705558205
7.5600000000000005	-0.0052239735611685646
7.565	-0.00520331838340281
7.57	-0.00518275833461164
7.575	-0.00516229291511232
7.58	-0.005141921628166944
7.585	-0.00512164397996321
7.59	-0.005101459479595354
7.595	-0.005081367639045186
7.6000000000000005	-0.0050613679731633
7.605	-0.0050414599996504135
7.61	-0.0050216432390388
7.615	-0.0050019172146738965
7.62	-0.0049822814526960255
7.625	-0.00496273548202225
7.63	-0.004943278834328364
7.635	-0.004923911044030974
7.640000000000001	-0.004904631648269774
7.6450000000000005	-0.004885440186889889
7.65	-0.0048663362024243696
7.655	-0.004847319240076787
7.66	-0.004828388847704011
7.665	-0.004809544575799011
7.67	-0.004790785977473897
7.675	-0.004772112608442973
7.68	-0.004753524027005973
7.6850000000000005	-0.0047350197940314
7.69	-0.004716599472939991
7.695	-0.00469826262968827
7.7	-0.004680008832752247
7.705	-0.004661837653111212
7.71	-0.004643748664231676
7.715	-0.004625741442051369
7.72	-0.0046078155649634
7.7250000000000005	-0.004589970613800522
7.73	-0.004572206171819472
7.735	-0.004554521824685462
7.74	-0.0045369171604567595
7.745	-0.004519391769569369
7.75	-0.004501945244821846
7.755	-0.004484577181360197
7.76	-0.004467287176662886
7.765000000000001	-0.004450074830525944
7.7700000000000005	-0.0044329397450482205
7.775	-0.004415881524616659
7.78	-0.004398899775891759
7.785	-0.004381994107793093
7.79	-0.0043651641314849275
7.795	-0.00434840946036196
7.8	-0.004331729710035143
7.805	-0.00431512449831761
7.8100000000000005	-0.004298593445210701
7.815	-0.00428213617289009
7.82	-0.004265752305691987
7.825	-0.004249441470099466
7.83	-0.004233203294728872
7.835	-0.0042170374103163155
7.84	-0.004200943449704277
7.845	-0.004184921047828297
7.8500000000000005	-0.004168969841703747
7.855	-0.00415308947041272
7.86	-0.004137279575090977
7.865	-0.004121539798915006
7.87	-0.00410586978708918
7.875	-0.00409026918683296
7.88	-0.004074737647368248
7.885	-0.004059274819906765
7.890000000000001	-0.004043880357637562
7.8950000000000005	-0.004028553915714607
7.9	-0.004013295151244434
7.905	-0.003998103723273899
7.91	-0.003982979292778023
7.915	-0.003967921522647899
7.92	-0.0039529300776787
7.925	-0.003938004624557774
7.93	-0.003923144831852787
7.9350000000000005	-0.003908350369999982
7.94	-0.0038936209112925093
7.945	-0.003878956129868831
7.95	-0.003864355701701202
7.955	-0.0038498193045842424
7.96	-0.003835346618123584
7.965	-0.0038209373237245697
7.97	-0.0038065911045810892
7.9750000000000005	-0.003792307645664411
7.98	-0.0037780866337121747
7.985	-0.00376392775721738
7.99	-0.0037498307064175096
7.995	-0.003735795173283693
8.0	-0.0037218208515099604
8.004999999999999	-0.0037079074365025675
8.01	-0.003694054625369368
8.015	-0.003680262116909318
8.02	-0.0036665296116019756
8.025	-0.0036528568115971236
8.030000000000001	-0.003639243420704458
8.035	-0.003625689144383327
8.04	-0.0036121936897325372
8.045	-0.003598756765480264
8.05	-0.003585378081973994
8.055	-0.003572057351170557
8.06	-0.003558794286626194
8.065000000000001	-0.003545588603486741
8.07	-0.003532440018477852
8.075	-0.00351934824989526
8.08	-0.003506313017595158
8.085	-0.0034933340429846175
8.09	-0.0034804110490120766
8.094999999999999	-0.0034675437601578585
8.100000000000001	-0.0034547319024248167
8.105	-0.0034419752033290163
8.11	-0.0034292733918904333
8.115	-0.0034166261986237766
8.120000000000001	-0.003404033355529364
8.125	-0.003391494596084029
8.129999999999999	-0.003379009655232096
8.135	-0.0033665782693764372
8.14	-0.0033542001763695872
8.145	-0.003341875115504887
8.15	-0.0033296028275077126
8.155000000000001	-0.0033173830545267548
8.16	-0.0033052155401253813
8.165	-0.003293100029272984
8.17	-0.0032810362683364873
8.175	-0.0032690240050718303
8.18	-0.003257062988615545
8.185	-0.0032451529694763654
8.190000000000001	-0.0032332936995269354
8.195	-0.0032214849319955213
8.2	-0.0032097264214578057
8.205	-0.0031980179238287314
8.21	-0.0031863591963544216
8.215	-0.003174749997604104
8.219999999999999	-0.0031631900874621297
8.225000000000001	-0.0031516792271200213
8.23	-0.0031402171790686196
8.235	-0.003128803707090199
8.24	-0.003117438576250706
8.245000000000001	-0.0031061215528920432
8.25	-0.0030948524046243587
8.254999999999999	-0.003083630900318426
8.26	-0.003072456810098066
8.265	-0.0030613299053326194
8.27	-0.003050249958629457
8.275	-0.0030392167438265463
8.280000000000001	-0.0030282300359850806
8.285	-0.003017289611382143
8.29	-0.0030063952475033982
8.295	-0.002995546723035883
8.3	-0.002984743817860804
8.305	-0.0029739863130463966
8.31	-0.002963273990840813
8.315000000000001	-0.0029526066346650987
8.32	-0.0029419840291061757
8.325	-0.0029314059599098714
8.33	-0.0029208722139740253
8.335	-0.00291038257934162
8.34	-0.0028999368451939522
8.344999999999999	-0.0028895348018438496
8.350000000000001	-0.0028791762407289513
8.355	-0.0028688609544050172
8.36	-0.0028585887365392667
8.365	-0.0028483593819037885
8.370000000000001	-0.002838172686368987
8.375	-0.0028280284468970495
8.379999999999999	-0.0028179264615354866
8.385	-0.00280786652941068
8.39	-0.002797848450721522
8.395	-0.0027878720267330423
8.4	-0.0027779370597701084
8.405000000000001	-0.002768043353211157
8.41	-0.0027581907114819777
8.415	-0.002748378940049507
8.42	-0.0027386078454157024
8.425	-0.00272887723511143
8.43	-0.0027191869176903956
8.435	-0.0027095367027231173
8.440000000000001	-0.002699926400790938
8.445	-0.002690355823480089
8.45	-0.0026808247833757515
8.455	-0.0026713330940562087
8.46	-0.0026618805700869977
8.465	-0.002652467027015124
8.469999999999999	-0.002643092281363288
8.475000000000001	-0.002633756150624157
8.48	-0.0026244584532547164
8.485	-0.002615199008670574
8.49	-0.002605977637240363
8.495000000000001	-0.0025967941602801844
8.5	-0.002587648400048039
8.504999999999999	-0.002578540179738337
8.51	-0.0025694693234764115
8.515	-0.0025604356563131126
8.52	-0.002551439004219381
8.525	-0.002542479194080878
8.530000000000001	-0.002533556053692685
8.535	-0.0025246694117539758
8.54	-0.002515819097862763
8.545	-0.0025070049425106656
8.55	-0.0024982267770777243
8.555	-0.0024894844338272273
8.56	-0.002480777745900573
8.565000000000001	-0.002472106547312187
8.57	-0.002463470672944452
8.575	-0.0024548699585426664
8.58	-0.002446304240710053
8.585	-0.0024377733569027832
8.59	-0.0024292771454250523
8.594999999999999	-0.0024208154454241487
8.600000000000001	-0.0024123880968855956
8.605	-0.0024039949406283196
8.61	-0.0023956358182998048
8.615	-0.002387310572371331
8.620000000000001	-0.0023790190461332157
8.625	-0.0023707610836901025
8.629999999999999	-0.002362536529956243
8.635	-0.002354345230650852
8.64	-0.0023461870322934817
8.645	-0.0023380617821993945
8.65	-0.0023299693284750036
8.655000000000001	-0.0023219095200133267
8.66	-0.0023138822064894546
8.665	-0.002305887238356081
8.67	-0.002297924466839024
8.675	-0.002289993743932804
8.68	-0.00228209492239624
8.685	-0.002274227855748058
8.690000000000001	-0.0022663923982625617
8.695	-0.002258588404965299
8.7	-0.002250815731628759
8.705	-0.0022430742347681124
8.71	-0.0022353637716369785
8.715	-0.0022276842002231976
8.719999999999999	-0.0022200353792446404
8.725000000000001	-0.0022124171681450473
8.73	-0.00220482942708992
8.735	-0.002197272016962361
8.74	-0.002189744799359016
8.745000000000001	-0.0021822476365860335
8.75	-0.0021747803916549904
8.754999999999999	-0.002167342928278916
8.76	-0.0021599351108682846
8.765	-0.002152556804527077
8.77	-0.0021452078750488356
8.775	-0.0021378881889127523
8.780000000000001	-0.0021305976132797865
8.785	-0.002123336015988816
8.79	-0.0021161032655527723
8.795	-0.0021088992311548466
8.8	-0.002101723782644701
8.805	-0.002094576790534701
8.81	-0.0020874581259961583
8.815000000000001	-0.0020803676608556294
8.82	-0.0020733052675912136
8.825	-0.0020662708193288706
8.83	-0.0020592641898387813
8.835	-0.0020522852535317104
8.84	-0.0020453338854554155
8.844999999999999	-0.0020384099612910387
8.850000000000001	-0.0020315133573495627
8.855	-0.0020246439505682773
8.86	-0.0020178016185072407
8.865	-0.002010986239345794
8.870000000000001	-0.0020041976918790966
8.875	-0.0019974358555146588
8.879999999999999	-0.001990700610268912
8.885	-0.001983991836763806
8.89	-0.0019773094162234117
8.895	-0.0019706532304705556
8.9	-0.001964023161923468
8.905000000000001	-0.0019574190935924647
8.91	-0.00195084090907663
8.915	-0.0019442884925605268
8.92	-0.0019377617288109412
8.925	-0.001931260503173634
8.93	-0.0019247847015701016
8.935	-0.0019183342104943835
8.940000000000001	-0.001911908917009865
8.945	-0.0019055087087461195
8.95	-0.0018991334738957413
8.955	-0.0018927831012112328
8.96	-0.0018864574800018922
8.965	-0.0018801565001307198
8.969999999999999	-0.0018738800520113376
8.975000000000001	-0.0018676280266049384
8.98	-0.0018614003154172726
8.985	-0.001855196810495596
8.99	-0.0018490174044256894
8.995000000000001	-0.0018428619903288865
9.0	-0.0018367304618590995
9.005	-0.001830622713199869
9.01	-0.0018245386390614586
9.015	-0.001818478134677927
9.02	-0.0018124410958042481
9.025	-0.0018064274187134294
9.03	-0.0018004370001936693
9.035	-0.0017944697375454981
9.040000000000001	-0.0017885255285789788
9.045	-0.0017826042716108865
9.05	-0.0017767058654619226
9.055	-0.00177083020945396
9.06	-0.0017649772034072622
9.065	-0.0017591467476377734
9.07	-0.0017533387429543748
9.075	-0.0017475530906562
9.08	-0.0017417896925299263
9.085	-0.0017360484508471235
9.09	-0.0017303292683615845
9.095	-0.0017246320483066838
9.1	-0.0017189566943927711
9.105	-0.0017133031108045363
9.11	-0.0017076712021984418
9.115	-0.0017020608737001277
9.120000000000001	-0.0016964720309018632
9.125	-0.0016909045798599932
9.13	-0.0016853584270924036
9.135	-0.0016798334795760192
9.14	-0.001674329644744282
9.145	-0.0016688468304846915
9.15	-0.0016633849451363073
9.155	-0.0016579438974873167
9.16	-0.0016525235967725703
9.165000000000001	-0.001647123952671178
9.17	-0.001641744875304076
9.175	-0.001636386275231643
9.18	-0.0016310480634513108
9.185	-0.0016257301513951925
9.19	-0.0016204324509277329
9.195	-0.0016151548743433628
9.2	-0.0016098973343641712
9.205	-0.0016046597441375919
9.21	-0.0015994420172341086
9.215	-0.0015942440676449648
9.22	-0.001589065809779885
9.225	-0.001583907158464829
9.23	-0.001578768028939727
9.235	-0.0015736483368562707
9.24	-0.0015685479982756733
9.245000000000001	-0.0015634669296664754
9.25	-0.0015584050479023489
9.255	-0.0015533622702599097
9.26	-0.001548338514416564
9.265	-0.0015433336984483428
9.27	-0.0015383477408277655
9.275	-0.0015333805604217047
9.28	-0.0015284320764892808
9.285	-0.001523502208679744
9.290000000000001	-0.0015185908770303932
9.295	-0.0015136980019644954
9.3	-0.001508823504289209
9.305	-0.0015039673051935444
9.31	-0.0014991293262463076
9.315	-0.0014943094893940744
9.32	-0.0014895077169591697
9.325	-0.0014847239316376694
9.33	-0.0014799580564973883
9.335	-0.0014752100149759096
9.34	-0.0014704797308786146
9.345	-0.0014657671283767036
9.35	-0.0014610721320052734
9.355	-0.0014563946666613552
9.36	-0.0014517346576020077
9.365	-0.0014470920304423887
9.370000000000001	-0.0014424667111538549
9.375	-0.0014378586260620763
9.38	-0.0014332677018451436
9.385	-0.0014286938655317047
9.39	-0.0014241370444990995
9.395	-0.0014195971664715203
9.4	-0.0014150741595181614
9.405	-0.0014105679520514018
9.41	-0.0014060784728249806
9.415000000000001	-0.0014016056509321988
9.42	-0.0013971494158041145
9.425	-0.0013927096972077637
9.43	-0.0013882864252443867
9.435	-0.001383879530347654
9.44	-0.0013794889432819234
9.445	-0.0013751145951404864
9.45	-0.0013707564173438453
9.455	-0.00136641434163797
9.46	-0.0013620883000926064
9.465	-0.0013577782250995573
9.47	-0.001353484049370988
9.475	-0.0013492057059377538
9.48	-0.0013449431281477107
9.485	-0.001340696249664058
9.49	-0.001336465004463682
9.495000000000001	-0.0013322493268355079
9.5	-0.0013280491513788662
9.505	-0.0013238644130018624
9.51	-0.0013196950469197602
9.515	-0.0013155409886533712
9.52	-0.0013114021740274662
9.525	-0.001307278539169166
9.53	-0.0013031700205063793
9.535	-0.0012990765547662175
9.540000000000001	-0.0012949980789734403
9.545	-0.001290934530448902
9.55	-0.0012868858468079937
9.555	-0.0012828519659591276
9.56	-0.0012788328261021905
9.565	-0.0012748283657270417
9.57	-0.0012708385236119884
9.575000000000001	-0.0012668632388222953
9.58	-0.00126290245070869
9.585	-0.001258956098905868
9.59	-0.0012550241233310405
9.595	-0.0012511064641824365
9.6	-0.001247203061937876
9.605	-0.00124331385735329
9.61	-0.0012394387914613028
9.615	-0.0012355778055697787
9.620000000000001	-0.0012317308412604106
9.625	-0.001227897840387296
9.63	-0.0012240787450755245
9.635	-0.0012202734977197801
9.64	-0.0012164820409829465
9.645	-0.0012127043177947256
9.65	-0.0012089402713502473
9.655	-0.0012051898451087173
9.66	-0.0012014529827920346
9.665000000000001	-0.001197729628383455
9.67	-0.0011940197261262346
9.675	-0.0011903232205222893
9.68	-0.0011866400563308715
9.685	-0.0011829701785672315
9.69	-0.0011793135325013219
9.695	-0.0011756700636564633
9.700000000000001	-0.0011720397178080647
9.705	-0.0011684224409823152
9.71	-0.001164818179454901
9.715	-0.0011612268797497286
9.72	-0.0011576484886376421
9.725	-0.0011540829531351711
9.73	-0.0011505302205032624
9.735	-0.0011469902382460326
9.74	-0.0011434629541095189
9.745000000000001	-0.0011399483160804526
9.75	-0.0011364462723850166
9.755	-0.0011329567714876273
9.76	-0.001129479762089721
9.765	-0.0011260151931285361
9.77	-0.001122563013775917
9.775	-0.0011191231734371167
9.78	-0.0011156956217496029
9.785	-0.00111228030858188
9.790000000000001	-0.001108877184032313
9.795	-0.0011054861984279524
9.8	-0.0011021073023233764
9.805	-0.0010987404464995296
9.81	-0.0010953855819625783
9.815	-0.0010920426599427642
9.82	-0.0010887116318932615
9.825000000000001	-0.0010853924494890574
9.83	-0.0010820850646258166
9.835	-0.0010787894294187663
9.84	-0.0010755054962015896
9.845	-0.0010722332175253074
9.85	-0.0010689725461571916
9.855	-0.0010657234350796615
9.86	-0.0010624858374892012
9.865	-0.0010592597067952748
9.870000000000001	-0.001056044996619252
9.875	-0.001052841660793344
9.88	-0.0010496496533595255
9.885	-0.0010464689285684928
9.89	-0.0010432994408786005
9.895	-0.001040141144954821
9.9	-0.0010369939956677025
9.905	-0.001033857948092333
9.91	-0.0010307329575073138
9.915000000000001	-0.0010276189793937344
9.92	-0.0010245159694341568
9.925	-0.0010214238835115994
9.93	-0.0010183426777085355
9.935	-0.0010152723083058906
9.94	-0.0010122127317820453
9.945	-0.001009163904811846
9.950000000000001	-0.0010061257842656256
9.955	-0.001003098327208218
9.96	-0.0010000814908979838
9.965	-0.0009970752327858516
9.97	-0.0009940795105143427
9.975	-0.0009910942819166214
9.98	-0.0009881195050155413
9.985	-0.0009851551380226978
9.99	-0.0009822011393374832
9.995000000000001	-0.000979257467546153
