@    title "Stock-Myers: Caso 3" 
@    xaxis  label "r*" 
@    yaxis  label "U*(r*)" 
1.0	473.4228515625
1.005	444.6158439176202
1.01	417.6512121368342
1.015	392.4039915482398
1.02	368.75821183301923
1.025	346.60621145128005
1.03	325.8480072556653
1.035	306.39071461450277
1.04	288.1480137826307
1.045	271.0396586357656
1.05	254.99102422677927
1.055	239.93268993326132
1.06	225.8000552480187
1.065	212.5329855207067
1.07	200.07548519186747
1.075	188.3753962726575
1.08	177.38412001633412
1.085	167.0563599031032
1.09	157.34988421967887
1.095	148.22530666047703
1.1	139.64588350998102
1.105	131.5773260867459
1.11	123.98762723978658
1.115	116.84690078873044
1.12	110.1272328909584
1.125	103.80254440285933
1.13	97.8484633789347
1.135	92.2422069225461
1.1400000000000001	86.96247166612363
1.145	81.98933221722774
1.15	77.30414696045153
1.155	72.88947065421416
1.16	68.72897330641725
1.165	64.8073648540949
1.17	61.110325209907955
1.175	57.62443927290775
1.18	54.3371365327127
1.185	51.23663492532994
1.19	48.31188862557054
1.195	45.552539485508085
1.2	42.94887185096741
1.205	40.491770508706594
1.21	38.172681535980985
1.215	35.98357584165875
1.22	33.91691520414224
1.225	31.965620626143277
1.23	30.123042839984254
1.235	28.382934809629376
1.24	26.739426087206922
1.245	25.186998892416003
1.25	23.720465793023987
1.255	22.33494887369624
1.26	21.02586028874196
1.2650000000000001	19.788884102048556
1.27	18.61995932457643
1.275	17.515264066338204
1.28	16.471200725837562
1.2850000000000001	15.48438214553109
1.29	14.551618667040698
1.295	13.669906024617216
1.3	12.836414019769554
1.305	12.048475924053403
1.31	11.303578560789335
1.315	10.599353019976029
1.32	9.933565963894306
1.325	9.304111483896671
1.33	8.709003471646767
1.335	8.146368470645267
1.34	7.61443897625842
1.345	7.111547154673668
1.35	6.636118953252898
1.355	6.186668576653446
1.3599999999999999	5.761793304846446
1.365	5.360168630798941
1.37	4.980543697101181
1.375	4.6217370122311525
1.38	4.2826324284558135
1.385	3.9621753645845503
1.3900000000000001	3.659369257920263
1.395	3.3732722308027254
1.4	3.102993958115974
1.405	2.8476927230389366
1.4100000000000001	2.6065726491632555
1.415	2.378881097887902
1.42	2.1639062207319926
1.425	1.9609746568876094
1.43	1.7694493669690008
1.435	1.5887275945044061
1.44	1.4182389472676746
1.445	1.2574435910588937
1.45	1.1058305490214275
1.455	0.9629161000280728
1.46	0.8282422700848446
1.465	0.7013754110877732
1.47	0.5819048616304521
1.475	0.4694416848965819
1.48	0.363617478987452
1.4849999999999999	0.2640832553276775
1.49	0.17050838106749744
1.495	0.08257958165606727
1.5	0.0
1.505	-0.0775116911549425
1.51	-0.1502221267716668
1.5150000000000001	-0.21838403995621425
1.52	-0.28223700805313756
1.525	-0.34200815700486054
1.53	-0.3979128264181435
1.5350000000000001	-0.4501551976309819
1.54	-0.4989288869332009
1.545	-0.5444175059627252
1.55	-0.5867951911767344
1.5550000000000002	-0.6262271041819254
1.56	-0.6628699046003224
1.565	-0.6968721970461691
1.57	-0.7283749536948645
1.5750000000000002	-0.7575119138362729
1.58	-0.7844099617216451
1.585	-0.8091894839354956
1.5899999999999999	-0.831964707450702
1.595	-0.8528440194566034
1.6	-0.8719302699855547
1.605	-0.889321058303109
1.6099999999999999	-0.9051090039703549
1.615	-0.9193820034338223
1.62	-0.9322234729484533
1.625	-0.9437125785923235
1.63	-0.9539244540877505
1.635	-0.9629304071021207
1.6400000000000001	-0.9707981146629299
1.645	-0.9775918082850164
1.65	-0.9833724493736824
1.655	-0.988197895435142
1.6600000000000001	-0.9921230575954156
1.665	-0.9952000499002778
1.67	-0.9974783308420505
1.675	-0.9990048375337945
1.6800000000000002	-0.9998241129277268
1.685	-0.999978426452337
1.69	-0.9995078884216658
1.695	-0.9984505585503998
1.7000000000000002	-0.9968425488898125
1.705	-0.9947181214820228
1.71	-0.9921097810135151
1.7149999999999999	-0.9890483627332965
1.72	-0.9855631158863931
1.725	-0.9816817828995615
1.73	-0.977430674543067
1.7349999999999999	-0.9728347412800937
1.74	-0.9679176410037762
1.745	-0.9627018033509226
1.75	-0.9572084907712045
1.755	-0.9514578565208706
1.76	-0.9454689997408907
1.7650000000000001	-0.9392600177707864
1.77	-0.9328480558412389
1.775	-0.9262493542808835
1.78	-0.9194792933654174
1.7850000000000001	-0.9125524359303024
1.79	-0.9054825678618403
1.795	-0.8982827365753123
1.8	-0.8909652875830758
1.8050000000000002	-0.8835418992500575
1.81	-0.8760236158289236
1.815	-0.8684208788623449
1.82	-0.860743557035154
1.8250000000000002	-0.8530009745548564
1.83	-0.8452019381348235
1.835	-0.8373547626506258
1.8399999999999999	-0.8294672955362743
1.845	-0.8215469399836548
1.85	-0.8136006770051705
1.855	-0.8056350864164699
1.8599999999999999	-0.79765636679321
1.865	-0.7896703544530175
1.87	-0.7816825415111672
1.875	-0.7736980930560002
1.88	-0.7657218634877553
1.885	-0.7577584120622377
1.8900000000000001	-0.7498120176786398
1.895	-0.7418866929488129
1.9	-0.7339861975834081
1.905	-0.7261140511284864
1.9100000000000001	-0.7182735450845127
1.915	-0.710467754438014
1.92	-0.7026995486346713
1.925	-0.694971602021158
1.9300000000000002	-0.6872864037816553
1.935	-0.6796462673936924
1.94	-0.6720533396267037
1.945	-0.6645096091055377
1.9500000000000002	-0.6570169144600471
1.955	-0.6495769520808157
1.96	-0.6421912835001056
1.9649999999999999	-0.6348613424161444
1.97	-0.6275884413779798
1.975	-0.6203737781472753
1.98	-0.6132184417526183
1.9849999999999999	-0.6061234182511284
1.99	-0.5990895962114494
1.995	-0.5921177719314966
2.0	-0.5852086544036865
2.005	-0.5783628700397437
2.01	-0.5715809671666038
2.015	-0.564863420304351
2.02	-0.558210634236612
2.025	-0.5516229478833038
2.0300000000000002	-0.5451006379851749
2.035	-0.5386439226091037
2.04	-0.53225296448268
2.045	-0.5259278741662139
2.05	-0.5196687130698796
2.0549999999999997	-0.5134754963233708
2.06	-0.5073481955050592
2.065	-0.5012867412373325
2.0700000000000003	-0.4952910256544508
2.075	-0.48936090474897564
2.08	-0.4834962006025134
2.085	-0.4776967035062625
2.09	-0.4719621739765796
2.0949999999999998	-0.46629234467052694
2.1	-0.4606869222061452
2.105	-0.4551455888919489
2.1100000000000003	-0.44966800436994075
2.115	-0.4442538071762413
2.12	-0.43890261622321647
2.125	-0.43361403220682854
2.13	-0.4283876389427373
2.135	-0.4232230046345258
2.14	-0.4181196830772565
2.145	-0.4130772147994238
2.1500000000000004	-0.40809512814620696
2.1550000000000002	-0.4031729403068149
2.16	-0.398310158288559
2.165	-0.393506279840183
2.17	-0.38876079432685445
2.175	-0.3840731835591078
2.1799999999999997	-0.3794429225779252
2.185	-0.3748694803980384
2.19	-0.3703523207114369
2.1950000000000003	-0.3658909025529732
2.2	-0.36148468092987257
2.205	-0.3571331074168634
2.21	-0.3528356307185737
2.215	-0.3485916972007518
2.2199999999999998	-0.3444007513918056
2.225	-0.34026223645607917
2.23	-0.3361755946402272
2.2350000000000003	-0.3321402676939693
2.24	-0.3281556972664714
2.245	-0.3242213252795132
2.25	-0.3203365942785745
2.255	-0.31650094776290455
2.26	-0.3127138304955883
2.265	-0.3089746887945925
2.27	-0.305282970805707
2.2750000000000004	-0.30163812675826895
2.2800000000000002	-0.2980396092045184
2.285	-0.2944868732433756
2.29	-0.2909793767294206
2.295	-0.28751658046779616
2.3	-0.284097948395734
2.3049999999999997	-0.2807229477513699
2.31	-0.2773910492304785
2.315	-0.27410172713173675
2.3200000000000003	-0.2708544594910845
2.325	-0.26764872820574237
2.33	-0.2644840191483982
2.335	-0.2613598222720738
2.34	-0.25827563170614054
2.3449999999999998	-0.25523094584393813
2.35	-0.25222526742243573
2.355	-0.2492581035943415
2.3600000000000003	-0.24632896599305537
2.365	-0.24343737079084582
2.37	-0.2405828387505988
2.375	-0.23776489527148986
2.38	-0.23498307042889593
2.385	-0.23223689900886213
2.39	-0.2295259205374149
2.395	-0.2268496793050078
2.4000000000000004	-0.22420772438636027
2.4050000000000002	-0.22159960965595396
2.41	-0.21902489379942147
2.415	-0.21648314032106547
2.42	-0.2139739175477275
2.425	-0.2114967986292128
2.4299999999999997	-0.20905136153547937
2.435	-0.20663718905077355
2.44	-0.20425386876490112
2.4450000000000003	-0.20190099306180112
2.45	-0.19957815910559223
2.455	-0.19728496882424323
2.46	-0.19502102889102158
2.465	-0.19278595070385912
2.4699999999999998	-0.19057935036277088
2.475	-0.18840084864545584
2.48	-0.18625007098120153
2.4850000000000003	-0.18412664742320806
2.49	-0.1820302126194439
2.495	-0.17996040578213668
2.5	-0.17791687065599995
2.505	-0.17589925548529045
2.51	-0.17390721297978584
2.515	-0.17194040027976984
2.52	-0.16999847892010417
2.5250000000000004	-0.16808111479346455
2.5300000000000002	-0.1661879781128182
2.535	-0.16431874337320457
2.54	-0.16247308931289375
2.545	-0.16065069887397898
2.55	-0.15885125916246515
2.5549999999999997	-0.15707446140790973
2.56	-0.1553200009226672
2.565	-0.1535875770607909
2.5700000000000003	-0.15187689317663577
2.575	-0.15018765658321082
2.58	-0.14851957851032155
2.585	-0.146872374062544
2.59	-0.14524576217706897
2.5949999999999998	-0.14363946558144913
2.6	-0.14205321075128827
2.605	-0.14048672786790048
2.6100000000000003	-0.13893975077597004
2.615	-0.13741201694124336
2.62	-0.13590326740827627
2.625	-0.1344132467582629
2.63	-0.13294170306697198
2.635	-0.13148838786280911
2.64	-0.13005305608502843
2.645	-0.1286354660421138
2.6500000000000004	-0.12723537937034374
2.6550000000000002	-0.12585256099256314
2.66	-0.12448677907717229
2.665	-0.12313780499735127
2.67	-0.1218054132905339
2.675	-0.12048938161814098
2.6799999999999997	-0.11918949072558853
2.685	-0.11790552440257969
2.69	-0.11663726944369214
2.6950000000000003	-0.11538451560926812
2.7	-0.11414705558661979
2.705	-0.11292468495155347
2.71	-0.11171720213022279
2.715	-0.11052440836131765
2.7199999999999998	-0.1093461076585932
2.725	-0.10818210677374557
2.73	-0.10703221515963934
2.7350000000000003	-0.10589624493389041
2.74	-0.10477401084280946
2.745	-0.10366533022570719
2.75	-0.10257002297956755
2.755	-0.10148791152408825
2.76	-0.10041882076709267
2.765	-0.09936257807031511
2.77	-0.09831901321555986
2.7750000000000004	-0.09728795837123441
2.7800000000000002	-0.09626924805926121
2.785	-0.09526271912236312
2.79	-0.0942682106917278
2.795	-0.09328556415504796
2.8	-0.09231462312493759
2.8049999999999997	-0.09135523340772457
2.81	-0.09040724297261787
2.815	-0.08947050192124953
2.8200000000000003	-0.0885448624575879
2.825	-0.08763017885822415
2.83	-0.08672630744302763
2.835	-0.08583310654616917
2.84	-0.08495043648751187
2.8449999999999998	-0.08407815954436465
2.85	-0.0832161399235995
2.855	-0.08236424373412791
2.8600000000000003	-0.08152233895973433
2.865	-0.0806902954322661
2.87	-0.07986798480517401
2.875	-0.07905528052740453
2.88	-0.0782520578176382
2.885	-0.07745819363887176
2.89	-0.07667356667334267
2.895	-0.0758980572977915
2.9000000000000004	-0.07513154755905936
2.9050000000000002	-0.07437392115001805
2.91	-0.07362506338582914
2.915	-0.07288486118052903
2.92	-0.0721532030239368
2.925	-0.07142997895888137
2.9299999999999997	-0.0707150805587454
2.935	-0.07000840090532132
2.94	-0.06930983456697805
2.9450000000000003	-0.06861927757713242
2.95	-0.06793662741302546
2.955	-0.06726178297479635
2.96	-0.06659464456485395
2.965	-0.06593511386754013
2.9699999999999998	-0.06528309392908331
2.975	-0.06463848913783714
2.98	-0.06400120520480268
2.9850000000000003	-0.06337114914442878
2.99	-0.0627482292556896
2.995	-0.062132355103433096
3.0	-0.0615234375
3.005	-0.060921388487107625
3.0100000000000002	-0.06032612131799651
3.015	-0.05973755043983606
3.02	-0.05915559147638601
3.025	-0.058580161210910225
3.0300000000000002	-0.05801117756933988
3.035	-0.057448559603682836
3.04	-0.056892227475675024
3.045	-0.05634210244067224
3.05	-0.055798106831777626
3.055	-0.05526016404420258
3.06	-0.05472819851985803
3.065	-0.05420213573217174
3.07	-0.053681902171130426
3.075	-0.05316742532854195
3.08	-0.052658633683515886
3.085	-0.05215545668815806
3.09	-0.05165782475347745
3.095	-0.051165669235501615
3.1	-0.05067892242159819
3.105	-0.05019751751699904
3.11	-0.049721388631524886
3.115	-0.04925047076650699
3.12	-0.04878469980190356
3.125	-0.04832401248360764
3.13	-0.047868346410943986
3.1350000000000002	-0.04741764002435238
3.14	-0.04697183259325456
3.145	-0.046530864204101574
3.15	-0.046094675748600225
3.1550000000000002	-0.045663208912114506
3.16	-0.04523640616224084
3.165	-0.04481421073755336
3.17	-0.044396566636517684
3.1750000000000003	-0.04398341860657039
3.18	-0.043574712133361594
3.185	-0.043170393430158285
3.19	-0.042770409427406314
3.195	-0.042374707762448394
3.2	-0.04198323676939597
3.205	-0.041595945469152476
3.21	-0.041212783559586005
3.215	-0.04083370140584887
3.22	-0.040458650030842154
3.225	-0.04008758110582284
3.23	-0.039720446941151503
3.235	-0.03935720047717849
3.24	-0.03899779527526629
3.245	-0.03864218550894657
3.25	-0.03829032595520889
3.255	-0.03794217198592037
3.2600000000000002	-0.03759767955937327
3.265	-0.03725680521195907
3.27	-0.03691950604996692
3.275	-0.03658573974150486
3.2800000000000002	-0.03625546450854157
3.285	-0.03592863911906727
3.29	-0.03560522287937134
3.295	-0.03528517562643555
3.3000000000000003	-0.03496845772044081
3.305	-0.03465503003738562
3.31	-0.03434485396181466
3.315	-0.03403789137965597
3.32	-0.03373410467116476
3.325	-0.03343345670397242
3.33	-0.03313591082623921
3.335	-0.032841430859908614
3.34	-0.032549981094062506
3.345	-0.032261526278374746
3.35	-0.03197603161666273
3.355	-0.03169346276053401
3.36	-0.031413785803128084
3.365	-0.031136967272950677
3.37	-0.030862974127799772
3.375	-0.03059177374878155
3.38	-0.03032333393441535
3.3850000000000002	-0.030057622894825744
3.39	-0.029794609246020908
3.395	-0.029534262004255477
3.4	-0.029276550580476964
3.4050000000000002	-0.029021444774854303
3.41	-0.02876891477138725
3.415	-0.028518931132595383
3.42	-0.028271464794285606
3.4250000000000003	-0.028026487060396746
3.43	-0.02778396959792039
3.435	-0.027543884431896214
3.44	-0.027306203940481374
3.445	-0.02707090085009235
3.45	-0.026837948230618098
3.455	-0.02660731949070388
3.46	-0.02637898837310406
3.465	-0.026152928950103276
3.47	-0.025929115619004812
3.475	-0.025707523097685047
3.48	-0.025488126420213038
3.485	-0.025270900932534167
3.49	-0.02505582228821716
3.495	-0.024842866444263027
3.5	-0.02463200965697525
3.505	-0.024423228477890493
3.5100000000000002	-0.02421649974976834
3.515	-0.024011800602639778
3.52	-0.02380910844991299
3.525	-0.023608400984536003
3.5300000000000002	-0.023409656175215045
3.535	-0.02321285226268794
3.54	-0.023017967756051416
3.545	-0.022824981429142008
3.5500000000000003	-0.022633872316969117
3.555	-0.022444619712199975
3.56	-0.022257203161695386
3.565	-0.022071602463095495
3.57	-0.021887797661455058
3.575	-0.021705769045927182
3.58	-0.021525497146494956
3.585	-0.021346962730750173
3.59	-0.02117014680071848
3.595	-0.020995030589730124
3.6	-0.020821595559335892
3.605	-0.02064982339626715
3.61	-0.0204796960094396
3.615	-0.020311195527000035
3.62	-0.020144304293415485
3.625	-0.01997900486660379
3.63	-0.01981528001510554
3.6350000000000002	-0.01965311271529615
3.64	-0.019492486148638053
3.645	-0.019333383698971748
3.65	-0.019175788949845743
3.6550000000000002	-0.01901968568188443
3.66	-0.018865057870193422
3.665	-0.01871188968180173
3.67	-0.018560165473140374
3.6750000000000003	-0.01840986978755669
3.68	-0.018260987352863963
3.685	-0.01811350307892564
3.69	-0.01796740205527392
3.695	-0.017822669548761865
3.7	-0.01767929100124872
3.705	-0.017537252027318036
3.71	-0.0173965384120277
3.715	-0.017257136108691933
3.72	-0.01711903123669436
3.725	-0.016982210079331875
3.73	-0.01684665908168881
3.735	-0.016712364848540887
3.74	-0.016579314142288654
3.745	-0.01644749388091979
3.75	-0.016316891136000006
3.755	-0.016187493130691927
3.7600000000000002	-0.01605928723780179
3.765	-0.015932260977853333
3.77	-0.015806402017188526
3.775	-0.015681698166094764
3.7800000000000002	-0.015558137376958143
3.785	-0.015435707742442491
3.79	-0.01531439749369349
3.795	-0.015194194998567924
3.8000000000000003	-0.015075088759887332
3.805	-0.014957067413716
3.81	-0.014840119727662566
3.815	-0.014724234599205343
3.82	-0.014609401054040561
3.825	-0.014495608244453532
3.83	-0.014382845447712242
3.835	-0.01427110206448297
3.84	-0.014160367617267858
3.845	-0.014050631748863788
3.85	-0.013941884220842566
3.855	-0.013834114912051809
3.86	-0.013727313817136514
3.865	-0.013621471045080755
3.87	-0.013516576817769386
3.875	-0.013412621468569337
3.88	-0.013309595440930324
3.8850000000000002	-0.013207489287004598
3.89	-0.013106293666285592
3.895	-0.013005999344264883
3.9	-0.012906597191107646
3.9050000000000002	-0.012808078180345914
3.91	-0.01271043338758974
3.915	-0.012613653989255614
3.92	-0.012517731261312266
3.9250000000000003	-0.012422656578043399
3.93	-0.01232842141082707
3.935	-0.012235017326931618
3.94	-0.0121424359883278
3.945	-0.012050669150516918
3.95	-0.011959708661374762
3.955	-0.01186954646001108
3.96	-0.011780174575644278
3.965	-0.01169158512649136
3.97	-0.011603770318672647
3.975	-0.011516722445131201
3.98	-0.011430433884566714
3.985	-0.011344897100383562
3.99	-0.011260104639653021
3.995	-0.011176049132089274
4.0	-0.011092723289038986
4.005	-0.011010119902484438
4.01	-0.010928231844059845
4.015000000000001	-0.010847052064080768
4.02	-0.01076657359058644
4.025	-0.010686789528394608
4.03	-0.010607693058169176
4.035	-0.010529277435499942
4.04	-0.010451535989994584
4.045	-0.010374462124382642
4.050000000000001	-0.010298049313631274
4.055	-0.010222291104072785
4.0600000000000005	-0.010147181112543358
4.0649999999999995	-0.010072713025533496
4.07	-0.009998880598349207
4.075	-0.009925677654284594
4.08	-0.009853098083804962
4.085	-0.00978113584374082
4.09	-0.009709784956492298
4.095000000000001	-0.009639039509244074
4.1	-0.009568893653190533
4.105	-0.00949934160277081
4.109999999999999	-0.009430377634914213
4.115	-0.009361996088295011
4.12	-0.009294191362597317
4.125	-0.009226957917789158
4.13	-0.009160290273406231
4.135	-0.009094183007844803
4.140000000000001	-0.009028630757663792
4.145	-0.008963628216895933
4.15	-0.008899170136367679
4.155	-0.008835251323028133
4.16	-0.008771866639286372
4.165	-0.008709011002357476
4.17	-0.008646679383616901
4.175000000000001	-0.008584866807963195
4.18	-0.008523568353188845
4.1850000000000005	-0.008462779149359157
4.1899999999999995	-0.008402494378199309
4.195	-0.00834270927248889
4.2	-0.008283419115464567
4.205	-0.008224619240230078
4.21	-0.00816630502917394
4.215	-0.00810847191339446
4.220000000000001	-0.008051115372132166
4.225	-0.007994230932209422
4.23	-0.007937814167477065
4.234999999999999	-0.007881860698268302
4.24	-0.007826366190859219
4.245	-0.007771326356936464
4.25	-0.0077167369530713546
4.255	-0.00766259378020085
4.26	-0.007608892683114982
4.265000000000001	-0.007555629549950768
4.27	-0.007502800311692546
4.275	-0.00745040094167847
4.28	-0.007398427455113429
4.285	-0.007346875908587862
4.29	-0.007295742399602749
4.295	-0.007245023066100536
4.300000000000001	-0.007194714086001885
4.305	-0.007144811676748305
4.3100000000000005	-0.007095312094850374
4.3149999999999995	-0.007046211635441796
4.32	-0.006997506631838758
4.325	-0.006949193455105074
4.33	-0.0069012685136224826
4.335	-0.006853728252666456
4.34	-0.0068065691539871895
4.345000000000001	-0.006759787735395852
4.35	-0.0067133805503559445
4.355	-0.006667344187579639
4.359999999999999	-0.006621675270629304
4.365	-0.006576370457523711
4.37	-0.006531426440349341
4.375	-0.006486839944876293
4.38	-0.006442607730179042
4.385	-0.006398726588261828
4.390000000000001	-0.006355193343688618
4.395	-0.006312004853217725
4.4	-0.006269158005440715
4.405	-0.006226649720425984
4.41	-0.006184476949366483
4.415	-0.006142636674231893
4.42	-0.006101125907424974
4.425000000000001	-0.006059941691442154
4.43	-0.006019081098538268
4.4350000000000005	-0.005978541230395267
4.4399999999999995	-0.0059383192177951735
4.445	-0.0058984122202967535
4.45	-0.005858817425916375
4.455	-0.005819532050812529
4.46	-0.005780553338974288
4.465	-0.005741878561913515
4.470000000000001	-0.00570350501836078
4.475	-0.005665430033964991
4.48	-0.00562765096099655
4.484999999999999	-0.005590165178054264
4.49	-0.005552970089775577
4.495	-0.0055160631265504904
4.5	-0.0054794417442387755
4.505	-0.00544310342389065
4.51	-0.005407045671470794
4.515000000000001	-0.005371266017585665
4.52	-0.005335762017214135
4.525	-0.005300531249441215
4.53	-0.005265571317195136
4.535	-0.005230879846987432
4.54	-0.0051964544886561855
4.545	-0.00516229291511232
4.550000000000001	-0.005128392822088912
4.555	-0.005094751927893511
4.5600000000000005	-0.0050613679731633
4.5649999999999995	-0.005028238720623339
4.57	-0.004995361954847472
4.575	-0.00496273548202225
4.58	-0.004930357129713506
4.585	-0.00489822474663577
4.59	-0.0048663362024243696
4.595000000000001	-0.004834689387410243
4.6	-0.004803282212397403
4.605	-0.004772112608442969
4.609999999999999	-0.004741178526639885
4.615	-0.004710477937902074
4.62	-0.004680008832752247
4.625	-0.004649769221112047
4.63	-0.004619757132094784
4.635	-0.004589970613800527
4.640000000000001	-0.004560407733113589
4.645	-0.004531066575502442
4.65	-0.004501945244821846
4.655	-0.00447304186311742
4.66	-0.004444354570432401
4.665	-0.004415881524616659
4.67	-0.004387620901137967
4.675000000000001	-0.004359570892895441
4.68	-0.004331729710035143
4.6850000000000005	-0.0043040955797677884
4.6899999999999995	-0.004276666746188657
4.695	-0.004249441470099466
4.7	-0.004222418028832399
4.705	-0.004195594716076112
4.71	-0.004168969841703747
4.715	-0.0041425417316029636
4.720000000000001	-0.004116308727507869
4.725	-0.004090269186832965
4.73	-0.004064421482508863
4.734999999999999	-0.004038764002820069
4.74	-0.004013295151244434
4.745	-0.003988013346294614
4.75	-0.0039629170213612095
4.755	-0.003938004624557774
4.76	-0.003913274618567573
4.765000000000001	-0.003888725480492073
4.77	-0.0038643557017012057
4.775	-0.0038401637876852362
4.78	-0.003816148257908455
4.785	-0.003792307645664411
4.79	-0.003768640497932849
4.795	-0.003745145375238244
4.800000000000001	-0.0037218208515099565
4.805	-0.0036986655139439753
4.8100000000000005	-0.0036756779628661536
4.8149999999999995	-0.0036528568115971275
4.82	-0.003630200686318588
4.825	-0.0036077082259412152
4.83	-0.003585378081973994
4.835	-0.003563208918395054
4.84	-0.003541199411523923
4.845000000000001	-0.0035193482498952562
4.85	-0.003497654134133965
4.855	-0.0034761157768317024
4.859999999999999	-0.003454731902424824
4.865	-0.003433501247073595
4.87	-0.0034124225585428804
4.875	-0.003391494596084029
4.88	-0.003370716130318187
4.885	-0.0033500859431208506
4.890000000000001	-0.003329602827507709
4.895	-0.0033092655875217977
4.9	-0.0032890730381218225
4.905	-0.0032690240050718303
4.91	-0.003249117324831999
4.915	-0.003229351844450718
4.92	-0.0032097264214578022
4.925000000000001	-0.003190239923758933
4.93	-0.0031708912295312416
4.9350000000000005	-0.0031516792271200247
4.9399999999999995	-0.003132602814936662
4.945	-0.0031136609013575705
4.95	-0.0030948524046243587
4.955	-0.0030761762527450037
4.96	-0.003057631383396169
4.965	-0.0030392167438265463
4.970000000000001	-0.003020931290761304
4.975	-0.003002773990307546
4.98	-0.002984743817860804
4.984999999999999	-0.0029668397580126012
4.99	-0.002949060804458937
4.995	-0.0029314059599098714
5.0	-0.0029138742359999994
5.005	-0.002896464653199977
5.01	-0.0028791762407289543
5.015	-0.0028620080364679928
5.0200000000000005	-0.0028449590868744067
5.025	-0.0028280284468970495
5.03	-0.0028112151798924843
5.035	-0.0027945183575421024
5.04	-0.0027779370597701084
5.045	-0.002761470374662411
5.05	-0.0027451173983863695
5.055	-0.002728877235111433
5.0600000000000005	-0.002712748996930589
5.065	-0.002696731803782726
5.07	-0.0026808247833757484
5.075	-0.002665027071110593
5.08	-0.002649337810006006
5.085	-0.00263375615062416
5.09	-0.0026182812509970483
5.095	-0.00260291227655368
5.1	-0.002587648400048039
5.105	-0.002572488801487835
5.11	-0.0025574326680639875
5.115	-0.002542479194080878
5.12	-0.002527627580887349
5.125	-0.002512877036808412
5.13	-0.0024982267770777243
5.135	-0.002483676023770738
5.14	-0.002469224005738589
5.1450000000000005	-0.002454869958542664
5.15	-0.0024406131243898967
5.155	-0.002426452752068696
5.16	-0.0024123880968855986
5.165	-0.002398418420602562
5.17	-0.0023845429913749434
5.175	-0.0023707610836901025
5.18	-0.002357071978306672
5.1850000000000005	-0.002343474962194461
5.19	-0.0023299693284750036
5.195	-0.0023165543763627003
5.2	-0.0023032294111066005
5.205	-0.002289993743932804
5.21	-0.002276846691987433
5.215	-0.002263787578280237
5.22	-0.002250815731628759
5.225	-0.0022379304866031006
5.23	-0.0022251311834712616
5.235	-0.00221241716814505
5.24	-0.0021997877921265357
5.245	-0.0021872424124550973
5.25	-0.0021747803916549904
5.255	-0.002162401097683476
5.26	-0.0021501039038794687
5.265	-0.0021378881889127523
5.2700000000000005	-0.0021257533367336763
5.275	-0.002113698736523414
5.28	-0.002101723782644701
5.285	-0.0020898278745931148
5.29	-0.0020780104169488252
5.295	-0.0020662708193288706
5.3	-0.0020546084963399018
5.305	-0.002043022867531436
5.3100000000000005	-0.0020315133573495627
5.315	-0.0020200793950911652
5.32	-0.0020087204148585645
5.325	-0.0019974358555146588
5.33	-0.001986225160638525
5.335	-0.0019750877784814602
5.34	-0.001964023161923471
5.345	-0.0019530307684302258
5.3500000000000005	-0.0019421100600104262
5.355	-0.001931260503173634
5.36	-0.0019204815688884968
5.365	-0.0019097727325414404
5.37	-0.001899133473895739
5.375	-0.001888563277051039
5.38	-0.001878061630403263
5.385	-0.0018676280266049406
5.39	-0.0018572619625259333
5.3950000000000005	-0.0018469629392145561
5.4	-0.0018367304618590974
5.405	-0.0018265640397497282
5.41	-0.0018164631862407816
5.415	-0.0018064274187134315
5.42	-0.0017964562585387432
5.425	-0.0017865492310410857
5.43	-0.0017767058654619247
5.4350000000000005	-0.001766925694923972
5.44	-0.0017572082563956971
5.445	-0.0017475530906562
5.45	-0.0017379597422604192
5.455	-0.001728427759504714
5.46	-0.0017189566943927711
5.465	-0.0017095461026018588
5.47	-0.0017001955434494203
5.4750000000000005	-0.0016909045798599932
5.48	-0.0016816727783324757
5.485	-0.0016724997089076928
5.49	-0.0016633849451363073
5.495	-0.0016543280640470479
5.5	-0.0016453286461152348
5.505	-0.0016363862752316449
5.51	-0.0016275005386716572
5.515	-0.0016186710270647312
5.5200000000000005	-0.0016098973343641693
5.525	-0.0016011790578171858
5.53	-0.0015925157979352665
5.535	-0.001583907158464827
5.54	-0.0015753527463581603
5.545	-0.001566852171744661
5.55	-0.0015584050479023489
5.555	-0.0015500109912296612
5.5600000000000005	-0.0015416696212175252
5.565	-0.0015333805604217047
5.57	-0.0015251434344354209
5.575	-0.0015169578718622358
5.58	-0.001508823504289209
5.585	-0.0015007399662603144
5.59	-0.0014927068952501061
5.595	-0.0014847239316376694
5.6000000000000005	-0.0014767907186807874
5.605	-0.0014689069024903972
5.61	-0.0014610721320052716
5.615	-0.001453286058966954
5.62	-0.001445548337894933
5.625	-0.0014378586260620763
5.63	-0.001430216583470275
5.635	-0.0014226218728263461
5.64	-0.0014150741595181614
5.6450000000000005	-0.001407573111591007
5.65	-0.0014001183997241716
5.655	-0.0013927096972077637
5.66	-0.0013853466799197496
5.665	-0.0013780290263032146
5.67	-0.0013707564173438436
5.675	-0.0013635285365476248
5.68	-0.0013563450699187521
5.6850000000000005	-0.0013492057059377538
5.69	-0.0013421101355398355
5.695	-0.001335058052093413
5.7	-0.0013280491513788662
5.705	-0.0013210831315674926
5.71	-0.0013141596932006608
5.715	-0.001307278539169166
5.72	-0.0013004393746927807
5.7250000000000005	-0.0012936419073000022
5.73	-0.0012868858468079937
5.735	-0.0012801709053027158
5.74	-0.0012734967971192485
5.745	-0.0012668632388222953
5.75	-0.0012602699491868884
5.755	-0.001253716649179253
5.76	-0.001247203061937876
5.765	-0.00124072891275474
5.7700000000000005	-0.0012342939290567437
5.775	-0.001227897840387296
5.78	-0.0012215403783880782
5.785	-0.0012152212767809873
5.79	-0.0012089402713502473
5.795	-0.0012026970999246876
5.8	-0.0011964915023601867
5.805	-0.001190323220522291
5.8100000000000005	-0.0011841919982689818
5.815	-0.0011780975814336284
5.82	-0.0011720397178080647
5.825	-0.0011660181571258672
5.83	-0.001160032651045756
5.835	-0.0011540829531351711
5.84	-0.0011481688188539959
5.845	-0.0011422900055384282
5.8500000000000005	-0.0011364462723850166
5.855	-0.0011306373804348306
5.86	-0.001124863092557786
5.865	-0.0011191231734371167
5.87	-0.0011134173895539865
5.875	-0.0011077455091722563
5.88	-0.0011021073023233764
5.885	-0.001096502540791429
5.89	-0.0010909309980983134
5.8950000000000005	-0.0010853924494890574
5.9	-0.0010798866719172763
5.905	-0.0010744134440307592
5.91	-0.0010689725461571916
5.915	-0.0010635637602900093
5.92	-0.0010581868700743863
5.925	-0.001052841660793344
5.93	-0.0010475279193540013
5.9350000000000005	-0.0010422454342739397
5.94	-0.001036993995667701
5.945	-0.001031773395233407
5.95	-0.0010265834262394957
5.955	-0.0010214238835115994
5.96	-0.00101629456341952
5.965	-0.001011195263864335
5.97	-0.001006125784265627
5.9750000000000005	-0.0010010859255488137
5.98	-0.0009960754901326171
5.985	-0.0009910942819166214
5.99	-0.0009861421062689675
5.995	-0.0009812187700141439
6.0	-0.0009763240814208984
6.005	-0.000971457850190256
6.01	-0.0009666198874436469
6.015	-0.0009618100057111416
6.0200000000000005	-0.0009570280189197942
6.025	-0.0009522737423820927
6.03	-0.0009475469927845117
6.035	-0.0009428475881761694
6.04	-0.0009381753479575887
6.045	-0.0009335300928695606
6.05	-0.0009289116449821049
6.055	-0.0009243198276835366
6.0600000000000005	-0.000919754465669623
6.065	-0.0009152153849328511
6.07	-0.0009107024127517748
6.075	-0.000906215377680473
6.08	-0.0009017541095380973
6.085	-0.0008973184393985115
6.09	-0.0008929081995800271
6.095	-0.0008885232236352312
6.1000000000000005	-0.0008841633463409033
6.105	-0.0008798284036880277
6.11	-0.0008755182328718857
6.115	-0.0008712326722822492
6.12	-0.0008669715614936496
6.125	-0.0008627347412557456
6.13	-0.0008585220534837669
6.135	-0.0008543333412490495
6.14	-0.0008501684487696518
6.1450000000000005	-0.0008460272214010567
6.15	-0.0008419095056269597
6.155	-0.000837815149050127
6.16	-0.0008337440003833499
6.165	-0.0008296959094404695
6.17	-0.0008256707271274844
6.175	-0.0008216683054337392
6.18	-0.0008176884974231852
6.1850000000000005	-0.0008137311572257267
6.19	-0.0008097961400286368
6.195	-0.0008058833020680528
6.2	-0.0008019925006205434
6.205	-0.0007981235939947579
6.21	-0.000794276441523138
6.215	-0.0007904509035537139
6.22	-0.0007866468414419617
6.2250000000000005	-0.0007828641175427433
6.23	-0.0007791025952023108
6.235	-0.0007753621387503788
6.24	-0.0007716426134922733
6.245	-0.0007679438857011467
6.25	-0.0007642658226102556
6.255	-0.0007606082924053176
6.26	-0.0007569711642169221
6.265	-0.0007533543081130188
6.2700000000000005	-0.0007497575950914624
6.275	-0.0007461808970726324
6.28	-0.0007426240868921055
6.285	-0.000739087038293401
6.29	-0.0007355696259207887
6.295	-0.0007320717253121524
6.3	-0.0007285932128919245
6.305	-0.0007251339659640749
6.3100000000000005	-0.0007216938627051651
6.315	-0.000718272782157462
6.32	-0.0007148706042221078
6.325	-0.0007114872096523541
6.33	-0.0007081224800468512
6.335	-0.0007047762978429963
6.34	-0.0007014485463103412
6.345	-0.000698139109544053
6.3500000000000005	-0.0006948478724584338
6.355	-0.0006915747207804985
6.36	-0.0006883195410436002
6.365	-0.0006850822205811211
6.37	-0.000681862647520207
6.375	-0.0006786607107755659
6.38	-0.0006754763000433108
6.385	-0.000672309305794861
6.39	-0.0006691596192708944
6.3950000000000005	-0.0006660271324753504
6.4	-0.0006629117381694857
6.405	-0.0006598133298659793
6.41	-0.000656731801823091
6.415	-0.0006536670490388647
6.42	-0.0006506189672453867
6.425	-0.0006475874529030895
6.43	-0.0006445724031951048
6.4350000000000005	-0.0006415737160216661
6.44	-0.0006385912899945565
6.445	-0.0006356250244316049
6.45	-0.0006326748193512312
6.455	-0.0006297405754670324
6.46	-0.0006268221941824205
6.465	-0.0006239195775853028
6.47	-0.0006210326284428053
6.4750000000000005	-0.0006181612501960474
6.48	-0.0006153053469549535
6.485	-0.000612464823493113
6.49	-0.0006096395852426804
6.495	-0.0006068295382893223
6.5	-0.0006040345893672053
6.505	-0.000601254645854023
6.51	-0.0005984896157660707
6.515	-0.000595739407753358
6.5200000000000005	-0.0005930039310947611
6.525	-0.0005902830956932211
6.53	-0.0005875768120709753
6.535	-0.0005848849913648362
6.54	-0.0005822075453215037
6.545	-0.0005795443862929218
6.55	-0.0005768954272316674
6.555	-0.0005742605816863878
6.5600000000000005	-0.0005716397637972641
6.565	-0.0005690328882915247
6.57	-0.0005664398704789853
6.575	-0.0005638606262476342
6.58	-0.0005612950720592489
6.585	-0.0005587431249450545
6.59	-0.0005562047025014132
6.595	-0.0005536797228855519
6.6000000000000005	-0.0005511681048113254
6.605	-0.000548669767545015
6.61	-0.0005461846309011608
6.615	-0.0005437126152384281
6.62	-0.0005412536414555123
6.625	-0.0005388076309870706
6.63	-0.0005363745057996936
6.635	-0.0005339541883879081
6.64	-0.0005315466017702102
6.6450000000000005	-0.000529151669485136
6.65	-0.0005267693155873625
6.655	-0.0005243994646438369
6.66	-0.0005220420417299455
6.665	-0.0005196969724257065
6.67	-0.0005173641828119996
6.675	-0.0005150435994668235
6.68	-0.000512735149461586
6.6850000000000005	-0.00051043876035742
6.69	-0.0005081543602015398
6.695	-0.0005058818775236149
6.7	-0.0005036212413321807
6.705	-0.0005013723811110782
6.71	-0.0004991352268159224
6.715	-0.0004969097088705958
6.72	-0.0004946957581637767
6.7250000000000005	-0.0004924933060454905
6.73	-0.0004903022843236936
6.735	-0.0004881226252608797
6.74	-0.0004859542615707196
6.745	-0.00048379712641472364
6.75	-0.000481651153398934
6.755	-0.00047951627657064375
6.76	-0.00047739243041513895
6.765	-0.00047527954985247394
6.7700000000000005	-0.0004731775702342647
6.775	-0.00047108642734051606
6.78	-0.0004690060573764671
6.785	-0.0004669363969694687
6.79	-0.00046487738316588096
6.795	-0.00046282895342799983
6.8	-0.00046079104563100565
6.805	-0.00045876359805993756
6.8100000000000005	-0.0004567465494066914
6.815	-0.00045473983876704406
6.82	-0.00045274340563769886
6.825	-0.00045075718991335504
6.83	-0.00044878113188380394
6.835	-0.00044681517223104413
6.84	-0.00044485925202642293
6.845	-0.000442913312727799
6.8500000000000005	-0.0004409772961767282
6.855	-0.00043905114459567374
6.86	-0.0004371348005852338
6.865	-0.00043522820712139687
6.87	-0.0004333313075528159
6.875	-0.00043144404559810424
6.88	-0.00042956636534315535
6.885	-0.0004276982112384803
6.89	-0.00042583952809656925
6.8950000000000005	-0.0004239902610892732
6.9	-0.0004221503557452077
6.905	-0.0004203197579471728
6.91	-0.00041849841392959904
6.915	-0.00041668627027601125
6.92	-0.00041488327391651084
6.925	-0.00041308937212528133
6.93	-0.0004113045125181111
6.9350000000000005	-0.0004095286430499365
6.94	-0.00040776171201240506
6.945	-0.0004060036680314568
6.95	-0.0004042544600649249
6.955	-0.0004025140374001566
6.96	-0.0004007823496516512
6.965	-0.0003990593467587162
6.97	-0.0003973449789831449
6.9750000000000005	-0.0003956391969069092
6.98	-0.0003939419514298724
6.985	-0.0003922531937675175
6.99	-0.00039057287544869693
6.995	-0.0003889009483133965
7.0	-0.00038723736451052026
7.005	-0.00038558207649568916
7.01	-0.00038393503702905855
7.015000000000001	-0.00038229619917315417
7.0200000000000005	-0.0003806655162907235
7.025	-0.00037904294204260203
7.03	-0.0003774284303856012
7.035	-0.00037582193557040693
7.04	-0.00037422341213950023
7.045	-0.0003726328149250887
7.05	-0.0003710500990470586
7.055	-0.00036947521991093947
7.0600000000000005	-0.00036790813320588606
7.065	-0.00036634879490267787
7.07	-0.00036479716125172913
7.075	-0.0003632531887811189
7.08	-0.0003617168342946344
7.085	-0.0003601880548698312
7.09	-0.0003586668078561041
7.095	-0.00035715305087277927
7.1000000000000005	-0.00035564674180721525
7.105	-0.00035414783881292284
7.11	-0.0003526563003076963
7.115	-0.0003511720849717624
7.12	-0.0003496951517459388
7.125	-0.00034822545982981324
7.13	-0.0003467629686799301
7.135	-0.0003453076380079954
7.140000000000001	-0.0003438594277790934
7.1450000000000005	-0.00034241829820991893
7.15	-0.00034098420976701963
7.155	-0.00033955712316505556
7.16	-0.000338136999365071
7.165	-0.00033672379957277727
7.17	-0.00033531748523685207
7.175	-0.00033391801804724946
7.18	-0.0003325253599335234
7.1850000000000005	-0.0003311394730631645
7.19	-0.0003297603198399493
7.195	-0.0003283878629023016
7.2	-0.00032702206512166685
7.205	-0.00032566288960089875
7.21	-0.0003243102996726578
7.215	-0.000322964258897823
7.22	-0.00032162473106391406
7.2250000000000005	-0.00032029168018352707
7.23	-0.00031896507049278207
7.235	-0.00031764486644978053
7.24	-0.00031633103273307606
7.245	-0.0003150235342401569
7.25	-0.0003137223360859395
7.255	-0.0003124274036012726
7.26	-0.00031113870233145404
7.265000000000001	-0.0003098561980347576
7.2700000000000005	-0.00030857985668097287
7.275	-0.0003073096444499529
7.28	-0.00030604552773017555
7.285	-0.00030478747311731507
7.29	-0.0003035354474128235
7.295	-0.0003022894176225239
7.3	-0.0003010493509552133
7.305	-0.00029981521482127675
7.3100000000000005	-0.00029858697683131103
7.315	-0.0002973646047947599
7.32	-0.0002961480667185585
7.325	-0.0002949373308057873
7.33	-0.0002937323654543387
7.335	-0.00029253313925559093
7.34	-0.00029133962099309283
7.345	-0.0002901517796412594
7.3500000000000005	-0.000288969584364075
7.355	-0.000287793004513809
7.36	-0.00028662200962973716
7.365	-0.0002854565694368773
7.37	-0.00028429665384473033
7.375	-0.0002831422329460329
7.38	-0.00028199327701551764
7.385	-0.0002808497565086853
7.390000000000001	-0.0002797116420605828
7.3950000000000005	-0.00027857890448459294
7.4	-0.0002774515147712307
7.405	-0.0002763294440869516
7.41	-0.000275212663772965
7.415	-0.00027410114534406004
7.42	-0.0002729948604874373
7.425	-0.0002718937810615507
7.43	-0.00027079787909495756
7.4350000000000005	-0.00026970712678517665
7.44	-0.000268621496497556
7.445	-0.00026754096076414693
7.45	-0.0002664654922825884
7.455	-0.000265395063914999
7.46	-0.000264329648686876
7.465	-0.0002632692197860042
7.47	-0.00026221375056137105
7.4750000000000005	-0.0002611632145220917
7.48	-0.00026011758533634046
7.485	-0.0002590768368302895
7.49	-0.00025804094298705825
7.495	-0.0002570098779456669
7.5	-0.0002559836160000001
7.505	-0.0002549621315977767
7.51	-0.00025394539933952883
7.515000000000001	-0.0002529333939775856
7.5200000000000005	-0.0002519260904150684
7.525	-0.00025092346370488787
7.53	-0.00024992548904875366
7.535	-0.00024893214179618866
7.54	-0.0002479433974435502
7.545	-0.0002469592316330595
7.55	-0.00024597962015183734
7.555	-0.0002450045389309474
7.5600000000000005	-0.00024403396404444592
7.565	-0.00024306787170843926
7.57	-0.0002421062382801464
7.575	-0.00024114904025697003
7.58	-0.00024019625427557412
7.585	-0.00023924785711096724
7.59	-0.00023830382567559255
7.595	-0.00023736413701842663
7.6000000000000005	-0.00023642876832408101
7.605	-0.00023549769691191407
7.61	-0.0002345709002351459
7.615	-0.00023364835587998193
7.62	-0.00023273004156474224
7.625	-0.00023181593513899674
7.63	-0.00023090601458270664
7.635	-0.00023000025800537258
7.640000000000001	-0.00022909864364518805
7.6450000000000005	-0.00022820114986820067
7.65	-0.00022730775516747643
7.655	-0.0002264184381622729
7.66	-0.00022553317759721722
7.665	-0.0002246519523414888
7.67	-0.00022377474138801062
7.675	-0.00022290152385264343
7.68	-0.00022203227897338724
7.6850000000000005	-0.00022116698610958864
7.69	-0.00022030562474115306
7.695	-0.00021944817446776306
7.7	-0.0002185946150081021
7.705	-0.00021774492619908335
7.71	-0.00021689908799508555
7.715	-0.00021605708046719226
7.72	-0.00021521888380243777
7.7250000000000005	-0.0002143844783030584
7.73	-0.00021355384438574826
7.735	-0.00021272696258092168
7.74	-0.00021190381353197843
7.745	-0.00021108437799457794
7.75	-0.00021026863683591446
7.755	-0.00020945657103400067
7.76	-0.00020864816167695405
7.765000000000001	-0.0002078433899622902
7.7700000000000005	-0.0002070422371962198
7.775	-0.0002062446847929511
7.78	-0.00020545071427399646
7.785	-0.0002046603072674858
7.79	-0.00020387344550748234
7.795	-0.0002030901108333057
7.8	-0.00020231028518885713
7.805	-0.00020153395062195176
7.8100000000000005	-0.0002007610892836546
7.815	-0.00019999168342762084
7.82	-0.000199225715409441
7.825	-0.00019846316768599152
7.83	-0.00019770402281478884
7.835	-0.00019694826345334807
7.84	-0.00019619587235854692
7.845	-0.00019544683238599387
7.8500000000000005	-0.0001947011264893996
7.855	-0.0001939587377199546
7.86	-0.00019321964922570977
7.865	-0.00019248384425096207
7.87	-0.00019175130613564384
7.875	-0.0001910220183147172
7.88	-0.00019029596431757227
7.885	-0.0001895731277674286
7.890000000000001	-0.0001888534923807428
7.8950000000000005	-0.00018813704196661896
7.9	-0.00018742376042622273
7.905	-0.0001867136317522008
7.91	-0.000186006640028103
7.915	-0.0001853027694278102
7.92	-0.0001846020042149642
7.925	-0.00018390432874240294
7.93	-0.00018320972745159854
7.9350000000000005	-0.00018251818487210098
7.94	-0.00018182968562098343
7.945	-0.00018114421440229282
7.95	-0.00018046175600650429
7.955	-0.0001797822953099782
7.96	-0.000179105817274422
7.965	-0.00017843230694635558
7.97	-0.00017776174945658053
7.9750000000000005	-0.00017709413001965133
7.98	-0.0001764294339333537
7.985	-0.00017576764657818226
7.99	-0.00017510875341682528
7.995	-0.00017445273999365098
8.0	-0.00017379959193419836
8.004999999999999	-0.00017314929494467076
8.01	-0.00017250183481143345
8.015	-0.0001718571974005144
8.02	-0.0001712153686571091
8.025	-0.00017057633460508697
8.030000000000001	-0.00016994008134650358
8.035	-0.0001693065950611148
8.04	-0.00016867586200589366
8.045	-0.00016804786851455194
8.05	-0.00016742260099706477
8.055	-0.00016680004593919753
8.06	-0.00016618018990203638
8.065000000000001	-0.00016556301952152283
8.07	-0.00016494852150799062
8.075	-0.0001643366826457051
8.08	-0.00016372748979240744
8.085	-0.000163120929878861
8.09	-0.00016251698990840083
8.094999999999999	-0.00016191565695648544
8.100000000000001	-0.00016131691817025296
8.105	-0.00016072076076808117
8.11	-0.00016012717203914607
8.115	-0.00015953613934298872
8.120000000000001	-0.00015894765010908201
8.125	-0.00015836169183640176
8.129999999999999	-0.00015777825209299851
8.135	-0.00015719731851557498
8.14	-0.00015661887880906523
8.145	-0.00015604292074621582
8.15	-0.0001554694321671708
8.155000000000001	-0.0001548984009790593
8.16	-0.0001543298151555861
8.165	-0.00015376366273662403
8.17	-0.0001531999318278098
8.175	-0.00015263861060014312
8.18	-0.00015207968728958796
8.185	-0.0001515231501966749
8.190000000000001	-0.00015096898768610944
8.195	-0.00015041718818638064
8.2	-0.00014986774018937201
8.205	-0.00014932063224997645
8.21	-0.000148775852985714
8.215	-0.00014823339107635015
8.219999999999999	-0.00014769323526351834
8.225000000000001	-0.0001471553743503442
8.23	-0.00014661979720107397
8.235	-0.00014608649274070216
8.24	-0.00014555544995460427
8.245000000000001	-0.00014502665788817195
8.25	-0.0001445001056464497
8.254999999999999	-0.0001439757823937729
8.26	-0.00014345367735341106
8.265	-0.00014293377980721135
8.27	-0.0001424160790952454
8.275	-0.0001419005646154569
8.280000000000001	-0.00014138722582331437
8.285	-0.00014087605223146377
8.29	-0.000140367033409384
8.295	-0.00013986015898304524
8.3	-0.00013935541863456942
8.305	-0.00013885280210189284
8.31	-0.00013835229917842992
8.315000000000001	-0.00013785389971274147
8.32	-0.0001373575936082031
8.325	-0.0001368633708226767
8.33	-0.00013637122136818383
8.335	-0.0001358811353105818
8.34	-0.0001353931027692415
8.344999999999999	-0.00013490711391672664
8.350000000000001	-0.00013442315897847564
8.355	-0.00013394122823248778
8.36	-0.00013346131200900655
8.365	-0.0001329834006902095
8.370000000000001	-0.0001325074847098988
8.375	-0.00013203355455319271
8.379999999999999	-0.00013156160075622023
8.385	-0.0001310916139058171
8.39	-0.0001306235846392251
8.395	-0.00013015750364379146
8.4	-0.00012969336165667133
8.405000000000001	-0.00012923114946453203
8.41	-0.00012877085790325942
8.415	-0.0001283124778576656
8.42	-0.00012785600026119856
8.425	-0.00012740141609565508
8.43	-0.0001269487163908938
8.435	-0.00012649789222455023
8.440000000000001	-0.00012604893472175548
8.445	-0.0001256018350548546
8.45	-0.00012515658444312762
8.455	-0.00012471317415251292
8.46	-0.00012427159549533215
8.465	-0.00012383183983001602
8.469999999999999	-0.00012339389856083274
8.475000000000001	-0.00012295776313761808
8.48	-0.00012252342505550818
8.485	-0.00012209087585467117
8.49	-0.00012166010712004346
8.495000000000001	-0.00012123111048106694
8.5	-0.00012080387761142734
8.504999999999999	-0.00012037840022879396
8.51	-0.00011995467009456256
8.515	-0.0001195326790135985
8.52	-0.0001191124188339828
8.525	-0.00011869388144675742
8.530000000000001	-0.00011827705878567605
8.535	-0.00011786194282695267
8.54	-0.00011744852558901393
8.545	-0.00011703679913225236
8.55	-0.00011662675555878221
8.555	-0.00011621838701219476
8.56	-0.00011581168567731707
8.565000000000001	-0.00011540664377997177
8.57	-0.00011500325358673825
8.575	-0.00011460150740471485
8.58	-0.00011420139758128361
8.585	-0.00011380291650387636
8.59	-0.00011340605659974143
8.594999999999999	-0.00011301081033571233
8.600000000000001	-0.00011261717021797803
8.605	-0.00011222512879185576
8.61	-0.00011183467864156226
8.615	-0.00011144581238998977
8.620000000000001	-0.00011105852269848154
8.625	-0.00011067280226660974
8.629999999999999	-0.00011028864383195356
8.635	-0.00010990604016987989
8.64	-0.00010952498409332533
8.645	-0.00010914546845257897
8.65	-0.00010876748613506642
8.655000000000001	-0.00010839103006513633
8.66	-0.0001080160932038473
8.665	-0.00010764266854875603
8.67	-0.00010727074913370755
8.675	-0.00010690032802862631
8.68	-0.00010653139833930913
8.685	-0.00010616395320721789
8.690000000000001	-0.00010579798580927571
8.695	-0.00010543348935766319
8.7	-0.00010507045709961556
8.705	-0.00010470888231722192
8.71	-0.00010434875832722599
8.715	-0.00010399007848082698
8.719999999999999	-0.00010363283616348258
8.725000000000001	-0.00010327702479471246
8.73	-0.00010292263782790504
8.735	-0.00010256966875012173
8.74	-0.00010221811108190621
8.745000000000001	-0.00010186795837709277
8.75	-0.00010151920422261651
8.754999999999999	-0.00010117184223832436
8.76	-0.00010082586607678747
8.765	-0.00010048126942311557
8.77	-0.00010013804599477092
8.775	-9.979618954138433e-05
8.780000000000001	-9.945569384457274e-05
8.785	-9.911655271775749e-05
8.79	-9.877876000598281e-05
8.795	-9.844230958573711e-05
8.8	-9.810719536477472e-05
8.805	-9.777341128193806e-05
8.81	-9.744095130698175e-05
8.815000000000001	-9.710980944039746e-05
8.82	-9.677997971324047e-05
8.825	-9.645145618695569e-05
8.83	-9.612423295320684e-05
8.835	-9.579830413370525e-05
8.84	-9.547366388004043e-05
8.844999999999999	-9.515030637351111e-05
8.850000000000001	-9.482822582495752e-05
8.855	-9.450741647459603e-05
8.86	-9.418787259185196e-05
8.865	-9.386958847519597e-05
8.870000000000001	-9.355255845198068e-05
8.875	-9.323677687827819e-05
8.879999999999999	-9.29222381387181e-05
8.885	-9.260893664632738e-05
8.89	-9.229686684237128e-05
8.895	-9.19860231961944e-05
8.9	-9.167640020506301e-05
8.905000000000001	-9.136799239400915e-05
8.91	-9.106079431567458e-05
8.915	-9.075480055015615e-05
8.92	-9.045000570485234e-05
8.925	-9.014640441431058e-05
8.93	-8.984399134007557e-05
8.935	-8.954276117053771e-05
8.940000000000001	-8.92427086207843e-05
8.945	-8.894382843244971e-05
8.95	-8.864611537356754e-05
8.955	-8.834956423842335e-05
8.96	-8.805416984740897e-05
8.965	-8.775992704687629e-05
8.969999999999999	-8.746683070899323e-05
8.975000000000001	-8.71748757315998e-05
8.98	-8.688405703806644e-05
8.985	-8.659436957715045e-05
8.99	-8.630580832285641e-05
8.995000000000001	-8.601836827429551e-05
9.0	-8.57320444555463e-05
9.005	-8.544683191551631e-05
9.01	-8.516272572780455e-05
9.015	-8.487972099056448e-05
9.02	-8.45978128263687e-05
9.025	-8.431699638207302e-05
9.03	-8.403726682868321e-05
9.035	-8.375861936122059e-05
9.040000000000001	-8.348104919859005e-05
9.045	-8.32045515834481e-05
9.05	-8.292912178207149e-05
9.055	-8.26547550842275e-05
9.06	-8.238144680304402e-05
9.065	-8.210919227488144e-05
9.07	-8.183798685920409e-05
9.075	-8.15678259384538e-05
9.08	-8.129870491792307e-05
9.085	-8.103061922562966e-05
9.09	-8.076356431219222e-05
9.095	-8.04975356507052e-05
9.1	-8.023252873661661e-05
9.105	-7.996853908760481e-05
9.11	-7.970556224345702e-05
9.115	-7.94435937659478e-05
9.120000000000001	-7.918262923871921e-05
9.125	-7.892266426716094e-05
9.13	-7.86636944782912e-05
9.135	-7.84057155206388e-05
9.14	-7.814872306412547e-05
9.145	-7.789271279994917e-05
9.15	-7.763768044046797e-05
9.155	-7.738362171908473e-05
9.16	-7.713053239013201e-05
9.165000000000001	-7.687840822875877e-05
9.17	-7.662724503081652e-05
9.175	-7.637703861274655e-05
9.18	-7.612778481146844e-05
9.185	-7.587947948426833e-05
9.19	-7.56321185086887e-05
9.195	-7.538569778241771e-05
9.2	-7.514021322318062e-05
9.205	-7.489566076863066e-05
9.21	-7.465203637624112e-05
9.215	-7.440933602319802e-05
9.22	-7.416755570629323e-05
9.225	-7.392669144181852e-05
9.23	-7.368673926545996e-05
9.235	-7.344769523219326e-05
9.24	-7.320955541617915e-05
9.245000000000001	-7.297231591066019e-05
9.25	-7.27359728278577e-05
9.255	-7.250052229886896e-05
9.26	-7.226596047356631e-05
9.265	-7.20322835204948e-05
9.27	-7.179948762677283e-05
9.275	-7.156756899799105e-05
9.28	-7.13365238581141e-05
9.285	-7.110634844938079e-05
9.290000000000001	-7.087703903220648e-05
9.295	-7.064859188508548e-05
9.3	-7.042100330449347e-05
9.305	-7.019426960479163e-05
9.31	-6.996838711813035e-05
9.315	-6.974335219435415e-05
9.32	-6.951916120090634e-05
9.325	-6.929581052273569e-05
9.33	-6.907329656220179e-05
9.335	-6.885161573898269e-05
9.34	-6.86307644899821e-05
9.345	-6.841073926923698e-05
9.35	-6.819153654782647e-05
9.355	-6.797315281378083e-05
9.36	-6.775558457199117e-05
9.365	-6.753882834411908e-05
9.370000000000001	-6.732288066850777e-05
9.375	-6.710773810009316e-05
9.38	-6.689339721031515e-05
9.385	-6.667985458703051e-05
9.39	-6.646710683442472e-05
9.395	-6.625515057292607e-05
9.4	-6.604398243911874e-05
9.405	-6.583359908565754e-05
9.41	-6.562399718118198e-05
9.415000000000001	-6.54151734102323e-05
9.42	-6.520712447316455e-05
9.425	-6.499984708606716e-05
9.43	-6.479333798067753e-05
9.435	-6.458759390429911e-05
9.44	-6.438261161971937e-05
9.445	-6.417838790512747e-05
9.45	-6.397491955403362e-05
9.455	-6.377220337518724e-05
9.46	-6.357023619249735e-05
9.465	-6.336901484495221e-05
9.47	-6.316853618653978e-05
9.475	-6.296879708616889e-05
9.48	-6.276979442759036e-05
9.485	-6.25715251093194e-05
9.49	-6.23739860445571e-05
9.495000000000001	-6.217717416111414e-05
9.5	-6.19810864013334e-05
9.505	-6.178571972201361e-05
9.51	-6.159107109433388e-05
9.515	-6.139713750377782e-05
9.52	-6.120391595005876e-05
9.525	-6.101140344704502e-05
9.53	-6.0819597022685834e-05
9.535	-6.062849371893764e-05
9.540000000000001	-6.043809059169059e-05
9.545	-6.024838471069597e-05
9.55	-6.005937315949345e-05
9.555	-5.987105303533912e-05
9.56	-5.968342144913391e-05
9.565	-5.949647552535238e-05
9.57	-5.931021240197164e-05
9.575000000000001	-5.9124629230401424e-05
9.58	-5.8939723175413676e-05
9.585	-5.8755491415072916e-05
9.59	-5.85719311406675e-05
9.595	-5.838903955664013e-05
9.6	-5.820681388052015e-05
9.605	-5.80252513428549e-05
9.61	-5.7844349187142536e-05
9.615	-5.766410466976437e-05
9.620000000000001	-5.748451505991839e-05
9.625	-5.730557763955267e-05
9.63	-5.7127289703298945e-05
9.635	-5.6949648558407344e-05
9.64	-5.677265152468073e-05
9.645	-5.659629593440976e-05
9.65	-5.642057913230843e-05
9.655	-5.6245498475449687e-05
9.66	-5.6071051333201415e-05
9.665000000000001	-5.5897235087163356e-05
9.67	-5.572404713110351e-05
9.675	-5.5551484870895405e-05
9.68	-5.5379545724455994e-05
9.685	-5.5208227121683064e-05
9.69	-5.503752650439403e-05
9.695	-5.4867441326263994e-05
9.700000000000001	-5.469796905276514e-05
9.705	-5.4529107161106004e-05
9.71	-5.436085314017068e-05
9.715	-5.419320449045947e-05
9.72	-5.402615872402868e-05
9.725	-5.3859713364431546e-05
9.73	-5.369386594665913e-05
9.735	-5.35286140170819e-05
9.74	-5.336395513339084e-05
9.745000000000001	-5.319988686454009e-05
9.75	-5.303640679068895e-05
9.755	-5.287351250314436e-05
9.76	-5.271120160430434e-05
9.765	-5.254947170760071e-05
9.77	-5.23883204374433e-05
9.775	-5.222774542916321e-05
9.78	-5.206774432895768e-05
9.785	-5.190831479383426e-05
9.790000000000001	-5.1749454491555714e-05
9.795	-5.159116110058547e-05
9.8	-5.1433432310032614e-05
9.805	-5.1276265819598214e-05
9.81	-5.111965933952082e-05
9.815	-5.0963610590523536e-05
9.82	-5.080811730376004e-05
9.825000000000001	-5.065317722076214e-05
9.83	-5.0498788093386696e-05
9.835	-5.0344947683763215e-05
9.84	-5.019165376424192e-05
9.845	-5.003890411734182e-05
9.85	-4.9886696535699144e-05
9.855	-4.973502882201593e-05
9.86	-4.9583898789009496e-05
9.865	-4.943330425936113e-05
9.870000000000001	-4.9283243065666263e-05
9.875	-4.9133713050383996e-05
9.88	-4.898471206578723e-05
9.885	-4.88362379739134e-05
9.89	-4.868828864651481e-05
9.895	-4.854086196500986e-05
9.9	-4.83939558204341e-05
9.905	-4.824756811339201e-05
9.91	-4.8101696754008506e-05
9.915000000000001	-4.79563396618812e-05
9.92	-4.781149476603264e-05
9.925	-4.766716000486272e-05
9.93	-4.752333332610195e-05
9.935	-4.738001268676411e-05
9.94	-4.7237196053099945e-05
9.945	-4.709488140055043e-05
9.950000000000001	-4.6953066713701196e-05
9.955	-4.681174998623616e-05
9.96	-4.6670929220891956e-05
9.965	-4.653060242941305e-05
9.97	-4.6390767632505874e-05
9.975	-4.625142285979475e-05
9.98	-4.611256614977661e-05
9.985	-4.597419554977711e-05
9.99	-4.5836309115906116e-05
9.995000000000001	-4.5698904913014084e-05
