@    title "Stock-Myers: Caso 3" 
@    xaxis  label "r*" 
@    yaxis  label "U*(r*)" 
1.0	16128.0
1.005	15183.724457126193
1.01	14298.8045265192
1.015	13469.248719049601
1.02	12691.351514890186
1.025	11961.67162289645
1.03	11277.011987370657
1.035	10634.401394226305
1.04	10031.077541732866
1.045	9464.471452961578
1.05	8932.193117882152
1.055	8432.018262893062
1.06	7961.876154493015
1.065	7519.838351913656
1.07	7104.108330903179
1.075	6713.011907555165
1.08	6344.988397173841
1.085	5998.582448717871
1.09	5672.436500417706
1.095	5365.283806765707
1.1	5075.941991272717
1.105	4803.307083210639
1.11	4546.348000048489
1.115	4304.101440473702
1.12	4075.667155795859
1.125	3860.203570184817
1.13	3656.923722619248
1.135	3465.0915056385156
1.1400000000000001	3284.0181780169787
1.145	3113.059130333437
1.15	2951.610884104979
1.155	2799.108306707155
1.16	2655.0220257246174
1.165	2518.8560276791673
1.17	2390.145427276456
1.175	2268.4543944071497
1.18	2153.374227142792
1.185	2044.5215598877267
1.19	1941.536696694415
1.195	1844.0820605256608
1.2	1751.8407499609561
1.205	1664.515195499152
1.21	1581.8259082124712
1.215	1503.5103140605593
1.22	1429.3216676831184
1.225	1359.0280399582746
1.23	1292.4113740457226
1.235	1229.2666050308367
1.24	1169.4008386522562
1.245	1112.6325849325476
1.25	1058.7910428426246
1.255	1007.715432417076
1.26	959.2543710021738
1.2650000000000001	913.2652905620594
1.27	869.6138931938725
1.275	828.1736422104077
1.28	788.8252863408329
1.2850000000000001	751.4564147773609
1.29	715.9610409595776
1.295	682.2392131396823
1.3	650.196649911924
1.305	619.7443990190836
1.31	590.7985178686919
1.315	563.2797743026848
1.32	537.1133662668011
1.325	512.2286591212511
1.33	488.5589394221756
1.335	466.0411840851577
1.34	444.6158439176194
1.345	424.2266405771803
1.35	404.82037607801675
1.355	386.3467540277162
1.3599999999999999	368.7582118330199
1.365	352.0097631649131
1.37	336.0588500217285
1.375	320.86520377375547
1.38	306.39071461450277
1.385	292.59930888241365
1.3900000000000001	279.45683375281726
1.395	266.93094883329934
1.4	254.99102422677927
1.405	243.6080446554892
1.4100000000000001	232.75451926594377
1.415	222.4043967600394
1.42	212.5329855207067
1.425	203.11687842227153
1.43	194.13388203586052
1.435	185.56294995902664
1.44	177.38412001633412
1.445	169.5784550939548
1.45	162.12798738662022
1.455	155.0156658494511
1.46	148.22530666047703
1.465	141.74154651200706
1.47	135.54979856057585
1.475	129.63621087595493
1.48	123.98762723978658
1.4849999999999999	118.59155015378829
1.49	113.43610592625622
1.495	108.51001171379484
1.5	103.80254440285933
1.505	99.30351122286322
1.51	95.00322198929709
1.5150000000000001	90.89246288156798
1.52	86.96247166612383
1.525	83.20491428090558
1.53	79.61186270230203
1.5350000000000001	76.17577402057431
1.54	72.88947065421416
1.545	69.7461216379042
1.55	66.73922492268977
1.5550000000000002	63.86259063066221
1.56	61.11032520990781
1.565	58.476816438722366
1.57	55.95671923112647
1.5750000000000002	53.544942198562865
1.58	51.23663492532994
1.585	49.02717591780926
1.5899999999999999	46.91216118989435
1.595	44.88739344923329
1.6	42.94887185096741
1.605	41.09278228758776
1.6099999999999999	39.315488185358525
1.615	37.61352177946539
1.62	35.98357584165875
1.625	34.422495835668336
1.63	32.92727247708832
1.635	31.495034675766806
1.6400000000000001	30.123042839984254
1.645	28.80868252288716
1.65	27.549458392751667
1.655	26.342988509692496
1.6600000000000001	25.186998892416003
1.665	24.079318359536167
1.67	23.017873630842793
1.675	22.000684674727417
1.6800000000000002	21.02586028874196
1.685	20.09159390098818
1.69	19.196159580721293
1.695	18.337908247189226
1.7000000000000002	17.515264066338155
1.705	16.72672102558201
1.71	15.970839677372782
1.7149999999999999	15.246244042814515
1.72	14.551618667040698
1.725	13.885705818525578
1.73	13.24730282492371
1.7349999999999999	12.635259538432926
1.74	12.048475924053363
1.745	11.485899764471162
1.75	10.946524475632105
1.755	10.429387027387525
1.76	9.933565963894342
1.7650000000000001	9.458179518733854
1.77	9.002383819981123
1.775	8.565371180708446
1.78	8.146368470645267
1.7850000000000001	7.74463556494138
1.79	7.359463866193091
1.795	6.990174896092888
1.8	6.636118953252923
1.8050000000000002	6.2966738339325605
1.81	5.971243612569406
1.815	5.659257479173735
1.82	5.360168630798919
1.8250000000000002	5.073453214442623
1.83	4.7986093188702705
1.835	4.535156012980838
1.8399999999999999	4.2826324284558135
1.845	4.040596884548371
1.85	3.8086260529776617
1.855	3.58631416099714
1.8599999999999999	3.3732722308027423
1.865	3.1691273535399933
1.87	2.9735219962561743
1.875	2.7861133402266436
1.88	2.6065726491632555
1.885	2.4345846658874963
1.8900000000000001	2.2698470361208134
1.895	2.112069758112444
1.9	1.9609746568876094
1.905	1.8162948819598723
1.9100000000000001	1.6777744274077584
1.915	1.5451676732703685
1.92	1.4182389472676746
1.925	1.296762105899857
1.9300000000000002	1.1805201340265308
1.935	1.0693047620698968
1.94	0.9629161000280808
1.945	0.8611622875238343
1.9500000000000002	0.7638591591516235
1.955	0.6708299244212714
1.96	0.5819048616304521
1.9649999999999999	0.49692102503021474
1.97	0.41572196467804634
1.975	0.33815745840211786
1.98	0.2640832553276775
1.9849999999999999	0.19336083044264907
1.99	0.12585714970443806
1.995	0.061444445213271415
2.0	0.0
2.005	-0.058594058002501725
2.01	-0.11445095321495469
2.015	-0.16767945128570938
2.02	-0.21838403995621247
2.025	-0.2666651022736688
2.0300000000000002	-0.31261908248990666
2.035	-0.3563386449698682
2.04	-0.3979128264181435
2.045	-0.43742718171760675
2.05	-0.4749639236607841
2.0549999999999997	-0.5106020568415746
2.06	-0.5444175059627252
2.065	-0.576483238802695
2.0700000000000003	-0.6068693840744981
2.075	-0.6356433443983933
2.08	-0.6628699046003224
2.085	-0.6886113355382624
2.09	-0.712927493649584
2.0949999999999998	-0.7358759164037334
2.1	-0.7575119138362729
2.105	-0.7778886563323537
2.1100000000000003	-0.7970572588202232
2.115	-0.8150668615280598
2.12	-0.8319647074507037
2.125	-0.8477962166662059
2.13	-0.8626050576359654
2.135	-0.8764332156162284
2.14	-0.889321058303109
2.145	-0.9013073988278406
2.1500000000000004	-0.9124295562138609
2.1550000000000002	-0.9227234134023854
2.16	-0.9322234729484533
2.165	-0.9409629104849573
2.17	-0.9489736260478938
2.175	-0.9562862933520091
2.1799999999999997	-0.9629304071021203
2.185	-0.9689343284216927
2.19	-0.9743253284766995
2.1950000000000003	-0.9791296303694335
2.2	-0.9833724493736826
2.205	-0.987078031579637
2.21	-0.990269691013917
2.215	-0.9929698452973326
2.2199999999999998	-0.9952000499002778
2.225	-0.9969810310531211
2.23	-0.9983327173664844
2.2350000000000003	-0.9992742702139794
2.24	-0.9998241129277268
2.245	-0.999999958854851
2.25	-0.9998188383210995
2.255	-0.9992971245457867
2.26	-0.9984505585503997
2.265	-0.9972942731014152
2.27	-0.9958428157261756
2.2750000000000004	-0.994110170839047
2.2800000000000002	-0.9921097810135148
2.285	-0.9898545674343906
2.29	-0.9873569495628759
2.295	-0.9846288640458638
2.3	-0.9816817828995618
2.3049999999999997	-0.9785267309962621
2.31	-0.9751743028819033
2.315	-0.9716346789509194
2.3200000000000003	-0.9679176410037759
2.325	-0.9640325872115625
2.33	-0.9599885465109904
2.335	-0.9557941924522009
2.34	-0.9514578565208706
2.3449999999999998	-0.946987540955214
2.35	-0.9423909310776578
2.355	-0.9376754071601414
2.3600000000000003	-0.9328480558412386
2.365	-0.9279156811125582
2.37	-0.9228848148911596
2.375	-0.9177617271940686
2.38	-0.9125524359303028
2.385	-0.907262716325218
2.39	-0.9018981099913732
2.395	-0.8964639336595597
2.4000000000000004	-0.8909652875830758
2.4050000000000002	-0.885407063627822
2.41	-0.8797939530602752
2.415	-0.8741304540449328
2.42	-0.8684208788623449
2.425	-0.8626693608584195
2.4299999999999997	-0.8568798611352617
2.435	-0.8510561749933929
2.44	-0.8452019381348235
2.4450000000000003	-0.8393206326360534
2.45	-0.8334155926997564
2.455	-0.8274900101935103
2.46	-0.8215469399836548
2.465	-0.8155893050720084
2.4699999999999998	-0.8096199015428903
2.475	-0.8036414033275978
2.48	-0.79765636679321
2.4850000000000003	-0.7916672351623166
2.49	-0.7856763427700364
2.495	-0.7796859191644024
2.5	-0.7736980930560002
2.505	-0.7677148961224821
2.51	-0.7617382666733923
2.515	-0.7557700531804954
2.52	-0.7498120176786398
2.5250000000000004	-0.7438658390419549
2.5300000000000002	-0.7379331161400307
2.535	-0.7320153708785244
2.54	-0.7261140511284864
2.545	-0.720230533548522
2.55	-0.7143661263037553
2.5549999999999997	-0.70852207168541
2.56	-0.7026995486346713
2.565	-0.6968996751743606
2.5700000000000003	-0.6911235107518138
2.575	-0.6853720584962415
2.58	-0.6796462673936924
2.585	-0.6739470343826687
2.59	-0.6682752063732823
2.5949999999999998	-0.66263158219277
2.6	-0.6570169144600471
2.605	-0.6514319113919068
2.6100000000000003	-0.6458772385433504
2.615	-0.6403535204844648
2.62	-0.634861342416144
2.625	-0.6294012517268999
2.63	-0.62397375949289
2.635	-0.6185793419232355
2.64	-0.6132184417526183
2.645	-0.6078914695830601
2.6500000000000004	-0.6025988051767364
2.6550000000000002	-0.5973407987015971
2.66	-0.5921177719314966
2.665	-0.5869300194024879
2.67	-0.5817778095268565
2.675	-0.5766613856664258
2.6799999999999997	-0.5715809671666038
2.685	-0.566536750352584
2.69	-0.5615289094890671
2.6950000000000003	-0.5565575977048137
2.7	-0.5516229478833033
2.705	-0.5467250735207039
2.71	-0.54186406955234
2.715	-0.5370400131487872
2.7199999999999998	-0.5322529644826804
2.725	-0.5275029674672891
2.73	-0.5227900504678769
2.7350000000000003	-0.5181142269868104
2.74	-0.5134754963233703
2.745	-0.5088738442091592
2.75	-0.5043092434199917
2.755	-0.49978165436509636
2.76	-0.49529102565445154
2.765	-0.4908372946450275
2.77	-0.48642038796670084
2.7750000000000004	-0.48204022202855135
2.7800000000000002	-0.4776967035062625
2.785	-0.47338972981127686
2.79	-0.469119189542382
2.795	-0.4648849629203359
2.8	-0.4606869222061452
2.8049999999999997	-0.456524932103581
2.81	-0.4523988501464875
2.815	-0.448308527071437
2.8200000000000003	-0.4442538071762413
2.825	-0.4402345286648368
2.83	-0.4362505239790176
2.835	-0.43230162011749584
2.84	-0.4283876389427373
2.8449999999999998	-0.42450839747600305
2.85	-0.42066370818103105
2.855	-0.4168533792367502
2.8600000000000003	-0.4130772147994238
2.865	-0.4093350152546036
2.87	-0.4056265774592498
2.875	-0.40195169497437744
2.88	-0.398310158288559
2.885	-0.3947017550326189
2.89	-0.39112627018582663
2.895	-0.3875834862739007
2.9000000000000004	-0.38407318355910747
2.9050000000000002	-0.38059514022274854
2.91	-0.3771491325402992
2.915	-0.3737349350494693
2.92	-0.3703523207114369
2.925	-0.3670010610654993
2.9299999999999997	-0.3636809263773798
2.935	-0.36039168578141784
2.94	-0.3571331074168634
2.9450000000000003	-0.35390495855848414
2.95	-0.3507070057416967
2.955	-0.34753901488241457
2.96	-0.34440075139180526
2.965	-0.34129198028614216
2.9699999999999998	-0.3382124662919258
2.975	-0.33516197394644887
2.98	-0.3321402676939696
2.9850000000000003	-0.32914711197764956
2.99	-0.32618227132741845
2.995	-0.323245510443903
3.0	-0.3203365942785745
3.005	-0.3174552881102467
3.0100000000000002	-0.31460135761805613
3.015	-0.311774568951065
3.02	-0.3089746887945928
3.025	-0.30620148443341466
3.0300000000000002	-0.3034547238119317
3.035	-0.3007341755914272
3.04	-0.29803960920451866
3.045	-0.295370794906906
3.05	-0.2927275038265231
3.055	-0.2901095080101792
3.06	-0.28751658046779616
3.065	-0.2849484952143191
3.07	-0.2824050273093991
3.075	-0.279885952894923
3.08	-0.2773910492304785
3.085	-0.27492009472682555
3.09	-0.27247286897745704
3.095	-0.27004915278831565
3.1	-0.26764872820574237
3.105	-0.26527137854271854
3.11	-0.2629168884034728
3.115	-0.26058504370651214
3.12	-0.2582756317061403
3.125	-0.25598844101252144
3.13	-0.25372326161034425
3.1350000000000002	-0.2514798848761455
3.14	-0.2492581035943415
3.145	-0.2470577119720199
3.15	-0.2448785056525425
3.1550000000000002	-0.24272028172800497
3.16	-0.2405828387505988
3.165	-0.2384659767429215
3.17	-0.23636949720727493
3.1750000000000003	-0.2342932031339973
3.18	-0.2322368990088619
3.185	-0.23020039081958807
3.19	-0.22818348606149497
3.195	-0.226185993742338
3.2	-0.2242077243863605
3.205	-0.22224849003759334
3.21	-0.22030810426243475
3.215	-0.21838638215154266
3.22	-0.21648314032106547
3.225	-0.21459819691324483
3.23	-0.21273137159641292
3.235	-0.21088248556441463
3.24	-0.20905136153547918
3.245	-0.20723782375056407
3.25	-0.20544169797119793
3.255	-0.20366281147684298
3.2600000000000002	-0.20190099306180131
3.265	-0.2001560730316844
3.27	-0.19842788319946708
3.275	-0.19671625688114608
3.2800000000000002	-0.19502102889102158
3.285	-0.1933420355366217
3.29	-0.19167911461328474
3.295	-0.19003210539841917
3.3000000000000003	-0.18840084864545562
3.305	-0.1867851865775091
3.31	-0.1851849628807629
3.315	-0.18360002269759282
3.32	-0.1820302126194441
3.325	-0.18047538067947297
3.33	-0.17893537634497045
3.335	-0.17741005050957478
3.34	-0.17589925548529045
3.345	-0.17440284499432157
3.35	-0.17292067416073384
3.355	-0.17145259950195135
3.36	-0.16999847892010417
3.365	-0.16855817169323298
3.37	-0.1671315384663612
3.375	-0.16571844124244436
3.38	-0.16431874337320473
3.3850000000000002	-0.16293230954986027
3.39	-0.16155900579375734
3.395	-0.16019869944691084
3.4	-0.15885125916246515
3.4050000000000002	-0.15751655489507826
3.41	-0.15619445789123934
3.415	-0.15488484067952318
3.42	-0.1535875770607909
3.4250000000000003	-0.15230254209834307
3.43	-0.15102961210802732
3.435	-0.14976866464831115
3.44	-0.14851957851032155
3.445	-0.14728223370785842
3.45	-0.14605651146738766
3.455	-0.14484229421801473
3.46	-0.14363946558144913
3.465	-0.1424479103619582
3.47	-0.14126751453631925
3.475	-0.14009816524377122
3.48	-0.13893975077597004
3.485	-0.1377921605669527
3.49	-0.13665528518311174
3.495	-0.13552901631318498
3.5	-0.1344132467582629
3.505	-0.13330787042181655
3.5100000000000002	-0.13221278229974928
3.515	-0.13112787847047555
3.52	-0.13005305608502857
3.525	-0.1289882133571981
3.5300000000000002	-0.1279332495537052
3.535	-0.12688806498441071
3.54	-0.12585256099256328
3.545	-0.12482663994508755
3.5500000000000003	-0.12381020522291483
3.555	-0.12280316121135848
3.56	-0.1218054132905339
3.565	-0.12081686782582764
3.57	-0.11983743215841532
3.575	-0.11886701459582927
3.58	-0.11790552440257969
3.585	-0.11695287179082764
3.59	-0.11600896791111362
3.595	-0.11507372484314159
3.6	-0.11414705558661992
3.605	-0.11322887405215933
3.61	-0.11231909505223106
3.615	-0.11141763429218286
3.62	-0.11052440836131765
3.625	-0.10963933472403053
3.63	-0.10876233171101085
3.6350000000000002	-0.10789331851050418
3.64	-0.10703221515963922
3.645	-0.10617894253581751
3.65	-0.10533342234816717
3.6550000000000002	-0.10449557712906254
3.66	-0.10366533022570719
3.665	-0.10284260579178393
3.67	-0.1020273287791691
3.6750000000000003	-0.10121942492971397
3.68	-0.10041882076709255
3.685	-0.09962544358871435
3.69	-0.09883922145770571
3.695	-0.09806008319495638
3.7	-0.09728795837123441
3.705	-0.09652277729936697
3.71	-0.09576447102648804
3.715	-0.09501297132635454
3.72	-0.0942682106917278
3.725	-0.09353012232682371
3.73	-0.09279864013982818
3.735	-0.09207369873548073
3.74	-0.09135523340772446
3.745	-0.09064318013242276
3.75	-0.0899374755601419
3.755	-0.08923805700900111
3.7600000000000002	-0.0885448624575879
3.765	-0.08785783053793998
3.77	-0.08717690052859255
3.775	-0.08650201234769088
3.7800000000000002	-0.08583310654616917
3.785	-0.08517012430099348
3.79	-0.08451300740846975
3.795	-0.08386169827761604
3.8000000000000003	-0.0832161399235995
3.805	-0.0825762759612369
3.81	-0.08194205059855816
3.815	-0.08131340863043411
3.82	-0.0806902954322661
3.825	-0.08007265695373889
3.83	-0.07946043971263496
3.835	-0.07885359078871168
3.84	-0.0782520578176382
3.845	-0.077655788984995
3.85	-0.07706473302033352
3.855	-0.07647883919129528
3.86	-0.07589805729779162
3.865	-0.07532233766624287
3.87	-0.07475163114387622
3.875	-0.07418588909308221
3.88	-0.07362506338582923
3.8850000000000002	-0.07306910639813599
3.89	-0.07251797100460154
3.895	-0.07197161057299156
3.9	-0.07142997895888137
3.9050000000000002	-0.07089303050035478
3.91	-0.0703607200127592
3.915	-0.06983300278351454
3.92	-0.06930983456697805
3.9250000000000003	-0.06879117157936257
3.93	-0.06827697049370895
3.935	-0.06776718843491147
3.94	-0.06726178297479635
3.945	-0.0667607121272528
3.95	-0.06626393434341536
3.955	-0.06577140850689889
3.96	-0.06528309392908331
3.965	-0.06479895034444971
3.97	-0.06431893790596685
3.975	-0.06384301718052651
3.98	-0.06337114914442878
3.985	-0.06290329517891592
3.99	-0.06243941706575422
3.995	-0.06197947698286469
4.0	-0.0615234375
4.005	-0.06107126157446939
4.01	-0.06062291254690962
4.015000000000001	-0.06017835413710209
4.02	-0.05973755043983613
4.025	-0.05930046592081627
4.03	-0.05886706541261626
4.035	-0.05843731411067532
4.04	-0.05801117756933992
4.045	-0.05758862169794815
4.050000000000001	-0.05716961275695756
4.055	-0.05675411735411576
4.0600000000000005	-0.056342102440672205
4.0649999999999995	-0.05593353530763365
4.07	-0.0555283835820587
4.075	-0.05512661522339549
4.08	-0.05472819851985803
4.085	-0.05433310208484398
4.09	-0.05394129485339145
4.095000000000001	-0.053552746078675134
4.1	-0.05316742532854199
4.105	-0.05278530248208402
4.109999999999999	-0.052406347726250996
4.115	-0.05203053155249888
4.12	-0.05165782475347745
4.125	-0.0512881984197532
4.13	-0.05092162393656979
4.135	-0.050558072980644304
4.140000000000001	-0.050197517516999
4.145	-0.04983992979582919
4.15	-0.049485282349404636
4.155	-0.04913354798900771
4.16	-0.04878469980190356
4.165	-0.048438711148345824
4.17	-0.04809555565861486
4.175000000000001	-0.047755207230089636
4.18	-0.04741764002435245
4.1850000000000005	-0.047082828464325266
4.1899999999999995	-0.04675074723143974
4.195	-0.04642137126283685
4.2	-0.04609467574860019
4.205	-0.04577063612901839
4.21	-0.04544922809187937
4.215	-0.04513042756979459
4.220000000000001	-0.044814210737553324
4.225	-0.044500554009506935
4.23	-0.04418943403698178
4.234999999999999	-0.043880827705722325
4.24	-0.043574712133361594
4.245	-0.04327106466692162
4.25	-0.04296986288034042
4.255	-0.04267108457202782
4.26	-0.042374707762448394
4.265000000000001	-0.04208071069173152
4.27	-0.041789071817308565
4.275	-0.041499769811576055
4.28	-0.041212783559586005
4.285	-0.04092809215676129
4.29	-0.040645674906637376
4.295	-0.04036551131862916
4.300000000000001	-0.04008758110582281
4.305	-0.03981186418279289
4.3100000000000005	-0.03953834066344321
4.3149999999999995	-0.039266990858873106
4.32	-0.03899779527526629
4.325	-0.038730734611804984
4.33	-0.038465789758606025
4.335	-0.03820294179468129
4.34	-0.03794217198592037
4.345000000000001	-0.037683461783096214
4.35	-0.037426792819893244
4.355	-0.037172146910957014
4.359999999999999	-0.03691950604996697
4.365	-0.036668852407729303
4.37	-0.036420168330292796
4.375	-0.03617343633708454
4.38	-0.035928639119067296
4.385	-0.035685759536917286
4.390000000000001	-0.03544478061922252
4.395	-0.0352056855607014
4.4	-0.03496845772044081
4.405	-0.03473308062015481
4.41	-0.03449953794246206
4.415	-0.03426781352918301
4.42	-0.03403789137965597
4.425000000000001	-0.03380975564907207
4.43	-0.033583390646829095
4.4350000000000005	-0.03335878083490306
4.4399999999999995	-0.033135910826239234
4.445	-0.032914765383159524
4.45	-0.03269532941578945
4.455	-0.03247758798050114
4.46	-0.03226152627837477
4.465	-0.03204712965367674
4.470000000000001	-0.0318343835923549
4.475	-0.03162327372055082
4.48	-0.031413785803128064
4.484999999999999	-0.03120590574221778
4.49	-0.03099961957577954
4.495	-0.030794913476179162
4.5	-0.03059177374878155
4.505	-0.030390186830559787
4.51	-0.030190139288719404
4.515000000000001	-0.029991617819338148
4.52	-0.02979460924602093
4.525	-0.029599100518569225
4.53	-0.02940507871166611
4.535	-0.029212531023575183
4.54	-0.029021444774854303
4.545	-0.028831807407083528
4.550000000000001	-0.028643606481607093
4.555	-0.02845682967828962
4.5600000000000005	-0.028271464794285585
4.5649999999999995	-0.02808749974282313
4.57	-0.02790492255200065
4.575	-0.027723721363597287
4.58	-0.027543884431896214
4.585	-0.027365400122521005
4.59	-0.027188256911285107
4.595000000000001	-0.0270124433830536
4.6	-0.02683794823061812
4.605	-0.026664760253583396
4.609999999999999	-0.026492868357267076
4.615	-0.026322261551610642
4.62	-0.026152928950103276
4.625	-0.025984859768716877
4.63	-0.025818043324853157
4.635	-0.025652469036302323
4.640000000000001	-0.025488126420213017
4.645	-0.025325005092073877
4.65	-0.02516309476470586
4.655	-0.025002385247266286
4.66	-0.024842866444263027
4.665	-0.024684528354580154
4.67	-0.024527361070513974
4.675000000000001	-0.024371354776819624
4.68	-0.02421649974976836
4.6850000000000005	-0.024062786356214606
4.6899999999999995	-0.02391020505267405
4.695	-0.02375874638441091
4.7	-0.023608400984536003
4.705	-0.02345915957311396
4.71	-0.02331101295628072
4.715	-0.02316395202537033
4.720000000000001	-0.0230179677560514
4.725	-0.022873051207473058
4.73	-0.02272919352141979
4.734999999999999	-0.02258638592147619
4.74	-0.022444619712199975
4.745	-0.022303886278304784
4.75	-0.022164177083851114
4.755	-0.022025483671446695
4.76	-0.021887797661455058
4.765000000000001	-0.02175111075121293
4.77	-0.021615414714256157
4.775	-0.021480701399553635
4.78	-0.021346962730750173
4.785	-0.021214190705416854
4.79	-0.021082377394310035
4.795	-0.020951514940638034
4.800000000000001	-0.020821595559335892
4.805	-0.02069261153634795
4.8100000000000005	-0.02056455522791795
4.8149999999999995	-0.020437419059887274
4.82	-0.020311195527000035
4.825	-0.020185877192216442
4.83	-0.02006145668603284
4.835	-0.01993792670580952
4.84	-0.01981528001510554
4.845000000000001	-0.019693509443020733
4.85	-0.01957260788354494
4.855	-0.01945256829491373
4.859999999999999	-0.01933338369897176
4.865	-0.019215047180542164
4.87	-0.01909755188680339
4.875	-0.01898089102667218
4.88	-0.018865057870193422
4.885	-0.018750045747936386
4.890000000000001	-0.018635848050397502
4.895	-0.018522458227409517
4.9	-0.01840986978755669
4.905	-0.018298076297596666
4.91	-0.018187071381888045
4.915	-0.018076848721824378
4.92	-0.01796740205527392
4.925000000000001	-0.017858725176025603
4.93	-0.017750811933240674
4.9350000000000005	-0.017643656230910083
4.9399999999999995	-0.01753725202731805
4.945	-0.017431593334510685
4.95	-0.017326674217770854
4.955	-0.0172224887950981
4.96	-0.017119031236694372
4.965	-0.017016295764455035
4.970000000000001	-0.01691427665146534
4.975	-0.016812968221502154
4.98	-0.016712364848540873
4.984999999999999	-0.016612460956267783
4.99	-0.01651325101759707
4.995	-0.016414729554193597
5.0	-0.016316891136000006
5.005	-0.01621973038076919
5.01	-0.01612324195360162
5.015	-0.01602742056648744
5.0200000000000005	-0.015932260977853333
5.025	-0.015837757992114346
5.03	-0.015743906459230093
5.035	-0.01565070127426586
5.04	-0.015558137376958143
5.045	-0.015466209751284814
5.05	-0.015374913425039704
5.055	-0.015284243469411644
5.0600000000000005	-0.015194194998567912
5.065	-0.015104763169242046
5.07	-0.0150159431803258
5.075	-0.014927730272465507
5.08	-0.014840119727662566
5.085	-0.014753106868878079
5.09	-0.014666687059641565
5.095	-0.014580855703663777
5.1	-0.014495608244453544
5.105	-0.01441094016493843
5.11	-0.01432684698708958
5.115	-0.014243324271550168
5.12	-0.014160367617267858
5.125	-0.014077972661131
5.13	-0.013996135077608579
5.135	-0.013914850578393872
5.14	-0.013834114912051809
5.1450000000000005	-0.013753923863669889
5.15	-0.013674273254512785
5.155	-0.013595158941680369
5.16	-0.013516576817769386
5.165	-0.013438522810538516
5.17	-0.01336099288257686
5.175	-0.013283983030975858
5.18	-0.01320748928700461
5.1850000000000005	-0.013131507715788367
5.19	-0.013056034415990509
5.195	-0.012981065519497573
5.2	-0.012906597191107634
5.205	-0.012832625628221834
5.21	-0.012759147060538977
5.215	-0.012686157749753374
5.22	-0.012613653989255614
5.225	-0.012541632103836485
5.23	-0.012470088449393856
5.235	-0.012399019412642534
5.24	-0.01232842141082707
5.245	-0.012258290891437503
5.25	-0.012188624331927914
5.255	-0.012119418239437931
5.26	-0.012050669150516918
5.265	-0.011982373630851095
5.2700000000000005	-0.011914528274993296
5.275	-0.011847129706095564
5.28	-0.011780174575644278
5.285	-0.011713659563198132
5.29	-0.011647581376128629
5.295	-0.011581936749363267
5.3	-0.01151672244513121
5.305	-0.011451935252711612
5.3100000000000005	-0.011387571988184384
5.315	-0.011323629494183567
5.32	-0.011260104639653021
5.325	-0.011196994319604723
5.33	-0.011134295454879359
5.335	-0.011072004991909391
5.34	-0.011010119902484438
5.345	-0.010948637183519036
5.3500000000000005	-0.010887553856822678
5.355	-0.010826866968872216
5.36	-0.010766573590586432
5.365	-0.010706670817102902
5.37	-0.01064715576755711
5.375	-0.010588025584863702
5.38	-0.010529277435499952
5.385	-0.010470908509291336
5.39	-0.010412916019199277
5.3950000000000005	-0.010355297201110968
5.4	-0.010298049313631282
5.405	-0.010241169637876722
5.41	-0.010184655477271428
5.415	-0.010128504157345187
5.42	-0.010072713025533487
5.425	-0.010017279450979424
5.43	-0.00996220082433769
5.4350000000000005	-0.009907474557580419
5.44	-0.009853098083804962
5.445	-0.009799068857043548
5.45	-0.00974538435207481
5.455	-0.009692042064237183
5.46	-0.009639039509244083
5.465	-0.009586374223000993
5.47	-0.009534043761424192
5.4750000000000005	-0.009482045700261425
5.48	-0.009430377634914205
5.485	-0.00937903718026187
5.49	-0.00932802197048744
5.495	-0.009277329658905048
5.5	-0.009226957917789158
5.505	-0.009176904438205373
5.51	-0.009127166929842966
5.515	-0.009077743120848941
5.5200000000000005	-0.009028630757663792
5.525	-0.00897982760485885
5.53	-0.008931331444975106
5.535	-0.008883140078363749
5.54	-0.008835251323028141
5.545	-0.008787663014467352
5.55	-0.008740373005521229
5.555	-0.00869337916621691
5.5600000000000005	-0.008646679383616901
5.565	-0.00860027156166854
5.57	-0.00855415362105494
5.575	-0.00850832349904739
5.58	-0.008462779149359164
5.585	-0.008417518542000704
5.59	-0.008372539663136263
5.595	-0.008327840514941839
5.6000000000000005	-0.00828341911546456
5.605	-0.00823927349848337
5.61	-0.00819540171337102
5.615	-0.008151801824957451
5.62	-0.00810847191339446
5.625	-0.008065410074021602
5.63	-0.00802261441723347
5.635	-0.007980083068348168
5.64	-0.007937814167477072
5.6450000000000005	-0.007895805869395802
5.65	-0.007854056343416495
5.655	-0.007812563773261175
5.66	-0.007771326356936464
5.665	-0.007730342306609349
5.67	-0.007689609848484238
5.675	-0.0076491272226811464
5.68	-0.007608892683114982
5.6850000000000005	-0.007568904497376051
5.69	-0.007529160946611696
5.695	-0.007489660325408963
5.7	-0.00745040094167847
5.705	-0.007411381116539345
5.71	-0.007372599184205216
5.715	-0.0073340534918713484
5.72	-0.007295742399602756
5.7250000000000005	-0.007257664280223432
5.73	-0.007219817519206622
5.735	-0.00718220051456606
5.74	-0.007144811676748298
5.745	-0.007107649428526044
5.75	-0.007070712204892433
5.755	-0.007033998452956359
5.76	-0.006997506631838758
5.765	-0.0069612352125698685
5.7700000000000005	-0.006925182677987432
5.775	-0.006889347522635888
5.78	-0.006853728252666449
5.785	-0.006818323385738175
5.79	-0.00678313145091991
5.795	-0.006748150988593179
5.8	-0.0067133805503559445
5.805	-0.006678818698927306
5.8100000000000005	-0.006644464008053043
5.815	-0.006610315062412068
5.82	-0.006576370457523711
5.825	-0.006542628799655895
5.83	-0.006509088705734153
5.835	-0.006475748803251484
5.84	-0.006442607730179042
5.845	-0.006409664134877649
5.8500000000000005	-0.006376916676010127
5.855	-0.006344364022454469
5.86	-0.006312004853217719
5.865	-0.006279837857350785
5.87	-0.006247861733863891
5.875	-0.006216075191642928
5.88	-0.006184476949366483
5.885	-0.006153065735423694
5.89	-0.006121840287832822
5.8950000000000005	-0.0060907993541605586
5.9	-0.006059941691442159
5.905	-0.006029266066102174
5.91	-0.005998771253876006
5.915	-0.0059684560397321555
5.92	-0.005938319217795167
5.925	-0.005908359591269286
5.93	-0.005878575972362819
5.9350000000000005	-0.00584896718221315
5.94	-0.005819532050812523
5.945	-0.005790269416934379
5.95	-0.0057611781280604525
5.955	-0.0057322570403085275
5.96	-0.005703505018360785
5.965	-0.005674920935392877
5.97	-0.0056465036730035875
5.9750000000000005	-0.00561825212114516
5.98	-0.005590165178054259
5.985	-0.005562241750183516
5.99	-0.005534480752133757
5.995	-0.005506881106586775
6.0	-0.0054794417442387755
6.005	-0.005452161603734362
6.01	-0.005425039631601154
6.015	-0.005398074782184979
6.0200000000000005	-0.005371266017585665
6.025	-0.005344612307593392
6.03	-0.005318112629625597
6.035	-0.005291765968664499
6.04	-0.005265571317195141
6.045	-0.005239527675143995
6.05	-0.0052136340498181374
6.055	-0.005187889455844942
6.0600000000000005	-0.00516229291511232
6.065	-0.005136843456709514
6.07	-0.00511154011686839
6.075	-0.0050863819389052765
6.08	-0.005061367973163305
6.085	-0.005036497276955273
6.09	-0.00501176891450703
6.095	-0.004987181956901342
6.1000000000000005	-0.00496273548202225
6.105	-0.0049384285744999736
6.11	-0.0049142603256562304
6.115	-0.004890229833450112
6.12	-0.0048663362024243696
6.125	-0.004842578543652242
6.13	-0.004818955974684718
6.135	-0.004795467619498249
6.14	-0.004772112608442973
6.1450000000000005	-0.004748890078191342
6.15	-0.004725799171687259
6.155	-0.004702839038095603
6.16	-0.004680008832752247
6.165	-0.00465730771711448
6.17	-0.004634734858711911
6.175	-0.00461228943109774
6.18	-0.004589970613800527
6.1850000000000005	-0.004567777592276315
6.19	-0.004545709557861249
6.195	-0.004523765707724529
6.2	-0.004501945244821846
6.205	-0.0044802473778491735
6.21	-0.004458671321196989
6.215	-0.004437216294904905
6.22	-0.004415881524616659
6.2250000000000005	-0.00439466624153553
6.23	-0.004373569682380137
6.235	-0.004352591089340606
6.24	-0.004331729710035139
6.245	-0.0043109847974669505
6.25	-0.004290355609981573
6.255	-0.004269841411224547
6.26	-0.004249441470099466
6.265	-0.004229155060726402
6.2700000000000005	-0.004208981462400658
6.275	-0.0041889199595519285
6.28	-0.004168969841703747
6.285	-0.00414913040343336
6.29	-0.004129400944331876
6.295	-0.004109780768964816
6.3	-0.00409026918683296
6.305	-0.004070865512333576
6.3100000000000005	-0.004051569064721912
6.315	-0.0040323791680731275
6.32	-0.004013295151244434
6.325	-0.003994316347837652
6.33	-0.00397544209616203
6.335	-0.003956671739197425
6.34	-0.003938004624557774
6.345	-0.003919440104454888
6.3500000000000005	-0.00390097753566254
6.355	-0.0038826162794808935
6.36	-0.003864355701701202
6.365	-0.0038461951725708237
6.37	-0.00382813406675854
6.375	-0.003810171763320156
6.38	-0.0037923076456644147
6.385	-0.003774541101519171
6.39	-0.0037568715228978914
6.3950000000000005	-0.0037392983060664047
6.4	-0.0037218208515099604
6.405	-0.003704438563900546
6.41	-0.003687150852064496
6.415	-0.0036699571289503735
6.42	-0.0036528568115971236
6.425	-0.003635849321102489
6.43	-0.003618934082591696
6.4350000000000005	-0.0036021105251864208
6.44	-0.003585378081973994
6.445	-0.003568736189976882
6.45	-0.003552184290122416
6.455	-0.0035357218272127795
6.46	-0.00351934824989526
6.465	-0.0035030630106327233
6.47	-0.003486865565674372
6.4750000000000005	-0.0034707553750267187
6.48	-0.0034547319024248206
6.485	-0.0034387946153037496
6.49	-0.003422942984770305
6.495	-0.0034071764855749566
6.5	-0.003391494596084029
6.505	-0.003375896798252118
6.51	-0.003360382577594745
6.515	-0.0033449514231612106
6.5200000000000005	-0.0033296028275077126
6.525	-0.0033143362866706735
6.53	-0.0032991513001402796
6.535	-0.0032840473708342496
6.54	-0.0032690240050718303
6.545	-0.0032540807125479897
6.55	-0.0032392170063078435
6.555	-0.0032244324027212797
6.5600000000000005	-0.0032097264214578022
6.565	-0.003195098585461585
6.57	-0.0031805484209267224
6.575	-0.0031660754572726936
6.58	-0.0031516792271200247
6.585	-0.003137359266266164
6.59	-0.003123115113661532
6.595	-0.0031089463113858047
6.6000000000000005	-0.0030948524046243552
6.605	-0.0030808329416449234
6.61	-0.003066887473774446
6.615	-0.0030530155553761063
6.62	-0.0030392167438265463
6.625	-0.0030254905994933005
6.63	-0.0030118366857123766
6.635	-0.002998254568766048
6.64	-0.0029847438178608075
6.6450000000000005	-0.002971304005105527
6.65	-0.0029579347054897853
6.655	-0.0029446354968623487
6.66	-0.0029314059599098714
6.665	-0.002918245678135735
6.67	-0.0029051542378390844
6.675	-0.002892131228094017
6.68	-0.0028791762407289543
6.6850000000000005	-0.002866288870306169
6.69	-0.0028534687141015063
6.695	-0.0028407153720842277
6.7	-0.0028280284468970495
6.705	-0.0028154075438363464
6.71	-0.0028028522708324942
6.715	-0.0027903622384303855
6.72	-0.0027779370597701084
6.7250000000000005	-0.0027655763505677637
6.73	-0.0027532797290964668
6.735	-0.0027410468161674605
6.74	-0.00272887723511143
6.745	-0.0027167706117599316
6.75	-0.0027047265744269836
6.755	-0.002692744753890818
6.76	-0.0026808247833757515
6.765	-0.0026689662985342364
6.7700000000000005	-0.0026571689374290247
6.775	-0.002645432340515509
6.78	-0.00263375615062416
6.785	-0.002622140012943155
6.79	-0.0026105835750011115
6.795	-0.0025990864866499742
6.8	-0.002587648400048039
6.805	-0.0025762689696431007
6.8100000000000005	-0.0025649478521557506
6.815	-0.0025536847065628144
6.82	-0.002542479194080878
6.825	-0.0025313309781500194
6.83	-0.002520239724417588
6.835	-0.0025092051007221832
6.84	-0.0024982267770777243
6.845	-0.002487304425657647
6.8500000000000005	-0.0024764377207792307
6.855	-0.002465626338888079
6.86	-0.002454869958542664
6.865	-0.002444168260399056
6.87	-0.002433520927195722
6.875	-0.0024229276437384897
6.88	-0.0024123880968855986
6.885	-0.0024019019755328786
6.89	-0.0023914689705990576
6.8950000000000005	-0.0023810887750111745
6.9	-0.0023707610836901025
6.905	-0.0023604855935361944
6.91	-0.0023502620034150557
6.915	-0.0023400900141433917
6.92	-0.002329969328475006
6.925	-0.0023198996510868865
6.93	-0.002309880688565412
6.9350000000000005	-0.002299912149392652
6.94	-0.002289993743932804
6.945	-0.0022801251844186965
6.95	-0.0022703061849384362
6.955	-0.002260536461422135
6.96	-0.0022508157316287565
6.965	-0.0022411437151330536
6.97	-0.002231520133312613
6.9750000000000005	-0.0022219447093350104
6.98	-0.00221241716814505
6.985	-0.002202937236452113
6.99	-0.0021935046427176068
6.995	-0.0021841191171425066
7.0	-0.0021747803916549904
7.005	-0.002165488199898195
7.01	-0.0021562422772180225
7.015000000000001	-0.0021470423606510915
7.0200000000000005	-0.0021378881889127523
7.025	-0.002128779502385187
7.03	-0.002119716043105641
7.035	-0.0021106975547547026
7.04	-0.0021017237826447036
7.045	-0.0020927944737081858
7.05	-0.00208390937648649
7.055	-0.0020750682411183933
7.0600000000000005	-0.0020662708193288706
7.065	-0.0020575168644179115
7.07	-0.0020488061312494495
7.075	-0.0020401383762403643
7.08	-0.0020315133573495653
7.085	-0.002022930834067172
7.09	-0.0020143905674037633
7.095	-0.002005892319879723
7.1000000000000005	-0.0019974358555146566
7.105	-0.001989020939816898
7.11	-0.0019806473397730863
7.115	-0.0019723148238378336
7.12	-0.001964023161923471
7.125	-0.001955772125389856
7.13	-0.0019475614870342948
7.135	-0.001939391021081495
7.140000000000001	-0.001931260503173634
7.1450000000000005	-0.0019231697103604811
7.15	-0.001915118421089609
7.155	-0.0019071064151966676
7.16	-0.001899133473895739
7.165	-0.0018911993797697672
7.17	-0.0018833039167610545
7.175	-0.0018754468701618393
7.18	-0.0018676280266049406
7.1850000000000005	-0.001859847174054463
7.19	-0.001852104101796604
7.195	-0.001844398600430487
7.2	-0.0018367304618590995
7.205	-0.0018290994792802895
7.21	-0.0018215054471778225
7.215	-0.0018139481613125147
7.22	-0.0018064274187134315
7.2250000000000005	-0.0017989430176691443
7.23	-0.0017914947577190765
7.235	-0.0017840824396448852
7.24	-0.0017767058654619247
7.245	-0.0017693648384107753
7.25	-0.001762059162948834
7.255	-0.0017547886447419623
7.26	-0.0017475530906562
7.265000000000001	-0.0017403523087495514
7.2700000000000005	-0.0017331861082638192
7.275	-0.0017260542996165034
7.28	-0.0017189566943927692
7.285	-0.0017118931053374655
7.29	-0.0017048633463472018
7.295	-0.0016978672324625011
7.3	-0.0016909045798599932
7.305	-0.0016839752058446715
7.3100000000000005	-0.0016770789288422137
7.315	-0.0016702155683913508
7.32	-0.0016633849451363073
7.325	-0.0016565868808192782
7.33	-0.0016498211982729745
7.335	-0.0016430877214132298
7.34	-0.0016363862752316449
7.345	-0.0016297166857883027
7.3500000000000005	-0.0016230787802045284
7.355	-0.001616472386655713
7.36	-0.0016098973343641693
7.365	-0.0016033534535920722
7.37	-0.0015968405756344192
7.375	-0.001590358532812073
7.38	-0.001583907158464829
7.385	-0.0015774862869445485
7.390000000000001	-0.0015710957536083513
7.3950000000000005	-0.0015647353948118308
7.4	-0.001558405047902347
7.405	-0.0015521045512123586
7.41	-0.001545833744052799
7.415	-0.0015395924667065057
7.42	-0.0015333805604217047
7.425	-0.0015271978674055336
7.43	-0.0015210442308176131
7.4350000000000005	-0.0015149194947636701
7.44	-0.001508823504289209
7.445	-0.0015027561053732228
7.45	-0.0014967171449219525
7.455	-0.001490706470762699
7.46	-0.0014847239316376694
7.465	-0.00147876937719788
7.47	-0.0014728426579970909
7.4750000000000005	-0.0014669436254858015
7.48	-0.0014610721320052716
7.485	-0.0014552280307816028
7.49	-0.0014494111759198478
7.495	-0.001443621422398177
7.5	-0.0014378586260620763
7.505	-0.001432122643618599
7.51	-0.0014264133326306436
7.515000000000001	-0.001420730551511288
7.5200000000000005	-0.0014150741595181614
7.525	-0.0014094440167478457
7.53	-0.001403839984130339
7.535	-0.0013982619234235352
7.54	-0.0013927096972077655
7.545	-0.0013871831688803604
7.55	-0.001381682202650272
7.555	-0.0013762066635327108
7.5600000000000005	-0.0013707564173438436
7.565	-0.0013653313306955163
7.57	-0.0013599312709900195
7.575	-0.0013545561064148904
7.58	-0.0013492057059377538
7.585	-0.0013438799393011988
7.59	-0.001338578677017697
7.595	-0.001333301790364547
7.6000000000000005	-0.0013280491513788662
7.605	-0.0013228206328526168
7.61	-0.0013176161083276589
7.615	-0.0013124354520908468
7.62	-0.001307278539169166
7.625	-0.0013021452453248878
7.63	-0.0012970354470507746
7.635	-0.0012919490215653172
7.640000000000001	-0.0012868858468079937
7.6450000000000005	-0.0012818458014345832
7.65	-0.001276828764812492
7.655	-0.0012718346170161265
7.66	-0.0012668632388222953
7.665	-0.0012619145117056484
7.67	-0.001256988317834136
7.675	-0.0012520845400645134
7.68	-0.001247203061937876
7.6850000000000005	-0.0012423437676752159
7.69	-0.0012375065421730267
7.695	-0.0012326912709989223
7.7	-0.001227897840387296
7.705	-0.0012231261372350147
7.71	-0.0012183760490971315
7.715	-0.0012136474641826376
7.72	-0.001208940271350249
7.7250000000000005	-0.0012042543601042009
7.73	-0.0011995896205901067
7.735	-0.0011949459435908083
7.74	-0.0011903232205222893
7.745	-0.0011857213434295923
7.75	-0.0011811402049827762
7.755	-0.0011765796984729083
7.76	-0.0011720397178080662
7.765000000000001	-0.0011675201575093849
7.7700000000000005	-0.0011630209127071302
7.775	-0.0011585418791367817
7.78	-0.0011540829531351711
7.785	-0.0011496440316366232
7.79	-0.0011452250121691417
7.795	-0.0011408257928506083
7.8	-0.001136446272385018
7.805	-0.001132086350058735
7.8100000000000005	-0.0011277459257367827
7.815	-0.001123424899859147
7.82	-0.0011191231734371167
7.825	-0.0011148406480496434
7.83	-0.0011105772258397336
7.835	-0.0011063328095108536
7.84	-0.0011021073023233764
7.845	-0.0010979006080910352
7.8500000000000005	-0.0010937126311774173
7.855	-0.0010895432764924744
7.86	-0.0010853924494890574
7.865	-0.001081260056159476
7.87	-0.0010771460030320865
7.875	-0.001073050197167894
7.88	-0.0010689725461571916
7.885	-0.001064912958116209
7.890000000000001	-0.0010608713416837884
7.8950000000000005	-0.0010568476060180993
7.9	-0.0010528416607933427
7.905	-0.0010488534161965171
7.91	-0.0010448827829241726
7.915	-0.0010409296721792124
7.92	-0.0010369939956677025
7.925	-0.0010330756655957051
7.93	-0.0010291745946661448
7.9350000000000005	-0.001025290696075677
7.94	-0.0010214238835115994
7.945	-0.0010175740711487644
7.95	-0.0010137411736465323
7.955	-0.0010099251061457264
7.96	-0.0010061257842656256
7.965	-0.0010023431241009688
7.97	-0.000998577042218978
7.9750000000000005	-0.0009948274556564089
7.98	-0.0009910942819166214
7.985	-0.0009873774389666597
7.99	-0.0009836768452343642
7.995	-0.0009799924196054986
8.0	-0.0009763240814208984
8.004999999999999	-0.0009726717504736337
8.01	-0.0009690353470061958
8.015	-0.0009654147917077073
8.02	-0.0009618100057111416
8.025	-0.0009582209105905647
8.030000000000001	-0.0009546474283584021
8.035	-0.0009510894814627187
8.04	-0.000947546992784513
8.045	-0.0009440198856350383
8.05	-0.0009405080837531416
8.055	-0.0009370115113026145
8.06	-0.0009335300928695599
8.065000000000001	-0.0009300637534597931
8.07	-0.0009266124184962408
8.075	-0.0009231760138163692
8.08	-0.0009197544656696237
8.085	-0.0009163477007148956
8.09	-0.0009129556460179936
8.094999999999999	-0.0009095782290491385
8.100000000000001	-0.0009062153776804724
8.105	-0.0009028670201835986
8.11	-0.0008995330852271088
8.115	-0.0008962135018741546
8.120000000000001	-0.0008929081995800265
8.125	-0.0008896171081897439
8.129999999999999	-0.0008863401579356645
8.135	-0.0008830772794351137
8.14	-0.0008798284036880277
8.145	-0.0008765934620746094
8.15	-0.0008733723863530008
8.155000000000001	-0.0008701651086569765
8.16	-0.0008669715614936496
8.165	-0.0008637916777411856
8.17	-0.0008606253906465428
8.175	-0.0008574726338232262
8.18	-0.0008543333412490495
8.185	-0.0008512074472639127
8.190000000000001	-0.0008480948865676072
8.195	-0.0008449955942176205
8.2	-0.0008419095056269604
8.205	-0.0008388365565619967
8.21	-0.0008357766831403175
8.215	-0.0008327298218285956
8.219999999999999	-0.0008296959094404701
8.225000000000001	-0.0008266748831344415
8.23	-0.0008236666804117937
8.235	-0.000820671239114503
8.24	-0.0008176884974231852
8.245000000000001	-0.0008147183938550494
8.25	-0.0008117608672618613
8.254999999999999	-0.0008088158568279193
8.26	-0.0008058833020680528
8.265	-0.0008029631428256259
8.27	-0.0008000553192705568
8.275	-0.0007971597718973482
8.280000000000001	-0.0007942764415231375
8.285	-0.0007914052692857521
8.29	-0.0007885461966417794
8.295	-0.0007856991653646507
8.3	-0.0007828641175427433
8.305	-0.0007800409955774852
8.31	-0.0007772297421814736
8.315000000000001	-0.0007744303003766158
8.32	-0.0007716426134922733
8.325	-0.0007688666251634167
8.33	-0.0007661022793287983
8.335	-0.0007633495202291387
8.34	-0.0007606082924053176
8.344999999999999	-0.0007578785406965786
8.350000000000001	-0.0007551602102387501
8.355	-0.0007524532464624789
8.36	-0.0007497575950914634
8.365	-0.0007470732021407112
8.370000000000001	-0.0007444000139148059
8.375	-0.0007417379770061802
8.379999999999999	-0.000739087038293402
8.385	-0.0007364471449394727
8.39	-0.0007338182443901421
8.395	-0.0007312002843722237
8.4	-0.000728593212891924
8.405000000000001	-0.000725996978233193
8.41	-0.0007234115289560704
8.415	-0.0007208368138950517
8.42	-0.0007182727821574625
8.425	-0.0007157193831218442
8.43	-0.0007131765664363515
8.435	-0.000710644282017152
8.440000000000001	-0.0007081224800468506
8.445	-0.0007056111109729116
8.45	-0.0007031101255060953
8.455	-0.0007006194746189063
8.46	-0.0006981391095440526
8.465	-0.0006956689817729094
8.469999999999999	-0.0006932090430539965
8.475000000000001	-0.0006907592453914652
8.48	-0.0006883195410436002
8.485	-0.0006858898825213181
8.49	-0.0006834702225866849
8.495000000000001	-0.0006810605142514482
8.5	-0.0006786607107755659
8.504999999999999	-0.0006762707656657508
8.51	-0.0006738906326740268
8.515	-0.0006715202657962931
8.52	-0.0006691596192708944
8.525	-0.0006668086475772022
8.530000000000001	-0.0006644673054342081
8.535	-0.0006621355477991219
8.54	-0.0006598133298659798
8.545	-0.0006575006070642635
8.55	-0.0006551973350575267
8.555	-0.0006529034697420306
8.56	-0.0006506189672453867
8.565000000000001	-0.0006483437839252107
8.57	-0.0006460778763677854
8.575	-0.0006438212013867269
8.58	-0.0006415737160216661
8.585	-0.0006393353775369362
8.59	-0.0006371061434202664
8.594999999999999	-0.0006348859713814848
8.600000000000001	-0.0006326748193512308
8.605	-0.0006304726454796801
8.61	-0.000628279408135265
8.615	-0.0006260950659034149
8.620000000000001	-0.0006239195775853019
8.625	-0.0006217529021965922
8.629999999999999	-0.0006195949989662036
8.635	-0.0006174458273350776
8.64	-0.0006153053469549535
8.645	-0.0006131735176871547
8.65	-0.0006110502996013742
8.655000000000001	-0.0006089356529744805
8.66	-0.0006068295382893223
8.665	-0.0006047319162335396
8.67	-0.0006026427476983884
8.675	-0.000600561993777571
8.68	-0.0005984896157660707
8.685	-0.0005964255751589954
8.690000000000001	-0.0005943698336504313
8.695	-0.0005923223531322995
8.7	-0.0005902830956932215
8.705	-0.0005882520236173925
8.71	-0.0005862290993834631
8.715	-0.0005842142856634253
8.719999999999999	-0.0005822075453215046
8.725000000000001	-0.0005802088414130612
8.73	-0.0005782181371835049
8.735	-0.0005762353960671988
8.74	-0.0005742605816863874
8.745000000000001	-0.0005722936578501253
8.75	-0.0005703345885532108
8.754999999999999	-0.0005683833379751256
8.76	-0.0005664398704789857
8.765	-0.0005645041506104967
8.77	-0.0005625761430969149
8.775	-0.0005606558128460123
8.780000000000001	-0.0005587431249450541
8.785	-0.0005568380446597807
8.79	-0.0005549405374333908
8.795	-0.0005530505688855367
8.8	-0.0005511681048113254
8.805	-0.0005492931111803239
8.81	-0.0005474255541355691
8.815000000000001	-0.0005455653999925892
8.82	-0.0005437126152384281
8.825	-0.0005418671665306727
8.83	-0.0005400290206964903
8.835	-0.0005381981447316754
8.84	-0.0005363745057996936
8.844999999999999	-0.0005345580712307365
8.850000000000001	-0.0005327488085207817
8.855	-0.000530946685330663
8.86	-0.0005291516694851368
8.865	-0.0005273637289719604
8.870000000000001	-0.0005255828319409785
8.875	-0.0005238089467032115
8.879999999999999	-0.0005220420417299459
8.885	-0.0005202820856518376
8.89	-0.0005185290472580188
8.895	-0.0005167828954952077
8.9	-0.0005150435994668235
8.905000000000001	-0.0005133111284321109
8.91	-0.0005115854518052681
8.915	-0.0005098665391545759
8.92	-0.0005081543602015403
8.925	-0.0005064488848200336
8.93	-0.0005047500830354448
8.935	-0.0005030579250238307
8.940000000000001	-0.0005013723811110778
8.945	-0.0004996934217720673
8.95	-0.0004980210176298412
8.955	-0.0004963551394547784
8.96	-0.0004946957581637764
8.965	-0.0004930428448194339
8.969999999999999	-0.0004913963706292393
8.975000000000001	-0.0004897563069447672
8.98	-0.0004881226252608797
8.985	-0.0004864952972149259
8.99	-0.0004848742945859534
8.995000000000001	-0.0004832595892939251
9.0	-0.000481651153398934
9.005	-0.0004800489591004285
9.01	-0.000478452978736442
9.015	-0.0004768631847828223
9.02	-0.00047527954985247394
9.025	-0.0004737020466945967
9.03	-0.00047213064819393545
9.035	-0.00047056532737002854
9.040000000000001	-0.0004690060573764671
9.045	-0.0004674528115001538
9.05	-0.00046590556316056757
9.055	-0.0004643642859090344
9.06	-0.00046282895342799983
9.065	-0.00046129953953030935
9.07	-0.00045977601815848796
9.075	-0.0004582583633840309
9.08	-0.0004567465494066914
9.085	-0.00045524055055377936
9.09	-0.00045374034127945907
9.095	-0.0004522458961640537
9.1	-0.00045075718991335504
9.105	-0.00044927419735793365
9.11	-0.00044779689345245783
9.115	-0.0004463252532750117
9.120000000000001	-0.00044485925202642255
9.125	-0.0004433988650295883
9.13	-0.00044194406772881024
9.135	-0.0004404948356891309
9.14	-0.00043905114459567374
9.145	-0.00043761297025298894
9.15	-0.0004361802885844016
9.155	-0.00043475307563136523
9.16	-0.0004333313075528159
9.165000000000001	-0.00043191496062453623
9.17	-0.0004305040112385173
9.175	-0.0004290984359023261
9.18	-0.0004276982112384803
9.185	-0.0004263033139838188
9.19	-0.00042491372098888726
9.195	-0.0004235294092173154
9.2	-0.000422150355745208
9.205	-0.00042077653776053124
9.21	-0.0004194079325625102
9.215	-0.0004180445175610253
9.22	-0.0004166862702760109
9.225	-0.00041533316833686543
9.23	-0.00041398518948185297
9.235	-0.0004126423115575208
9.24	-0.0004113045125181111
9.245000000000001	-0.0004099717704249813
9.25	-0.0004086440634460262
9.255	-0.0004073213698551017
9.26	-0.0004060036680314568
9.265	-0.0004046909364591635
9.27	-0.00040338315372655443
9.275	-0.0004020802985256593
9.28	-0.0004007823496516512
9.285	-0.0003994892860022875
9.290000000000001	-0.0003982010865773637
9.295	-0.0003969177304781626
9.3	-0.0003956391969069092
9.305	-0.0003943654651662329
9.31	-0.0003930965146586248
9.315	-0.00039183232488590686
9.32	-0.00039057287544869693
9.325	-0.00038931814604588214
9.33	-0.0003880681164740923
9.335	-0.00038682276662717715
9.34	-0.00038558207649568916
9.345	-0.00038434602616636235
9.35	-0.00038311459582160537
9.355	-0.000381887765738985
9.36	-0.00038066551629072385
9.365	-0.0003794478279431912
9.370000000000001	-0.00037823468125640683
9.375	-0.00037702605688353855
9.38	-0.00037582193557040693
9.385	-0.0003746222981549956
9.39	-0.000373427125566958
9.395	-0.0003722363988271331
9.4	-0.0003710500990470586
9.405	-0.00036986820742849276
9.41	-0.00036869070526293304
9.415000000000001	-0.000367517573931143
9.42	-0.00036634879490267814
9.425	-0.00036518434973541435
9.43	-0.0003640242200750841
9.435	-0.0003628683876548074
9.44	-0.0003617168342946347
9.445	-0.00036056954190108193
9.45	-0.0003594264924666795
9.455	-0.00035828766806951366
9.46	-0.00035715305087277894
9.465	-0.0003560226231243271
9.47	-0.00035489636715622025
9.475	-0.00035377426538429083
9.48	-0.0003526563003076963
9.485	-0.00035154245450848515
9.49	-0.00035043271065115627
9.495000000000001	-0.0003493270514822293
9.5	-0.00034822545982981324
9.505	-0.0003471279186031756
9.51	-0.0003460344107923192
9.515	-0.00034494491946755735
9.52	-0.0003438594277790937
9.525	-0.0003427779189566024
9.53	-0.00034170037630881366
9.535	-0.00034062678322309745
9.540000000000001	-0.00033955712316505556
9.545	-0.0003384913796781097
9.55	-0.0003374295363830948
9.555	-0.00033637157697785815
9.56	-0.00033531748523685207
9.565	-0.0003342672450107391
9.57	-0.00033322084022599074
9.575000000000001	-0.00033217825488449576
9.58	-0.0003311394730631645
9.585	-0.00033010447891353915
9.59	-0.00032907325666140674
9.595	-0.00032804579060641
9.6	-0.0003270220651216671
9.605	-0.00032600206465338593
9.61	-0.00032498577372048804
9.615	-0.0003239731769142284
9.620000000000001	-0.00032296425889782274
9.625	-0.0003219590044060725
9.63	-0.00032095739824499327
9.635	-0.0003199594252914493
9.64	-0.00031896507049278207
9.645	-0.0003179743188664499
9.65	-0.0003169871554996616
9.655	-0.0003160035655490195
9.66	-0.0003150235342401569
9.665000000000001	-0.0003140470468673861
9.67	-0.00031307408879333997
9.675	-0.00031210464544862164
9.68	-0.00031113870233145404
9.685	-0.0003101762450073297
9.69	-0.0003092172591086673
9.695	-0.00030826173033446326
9.700000000000001	-0.0003073096444499529
9.705	-0.00030636098728626754
9.71	-0.0003054157447400962
9.715	-0.0003044739027733496
9.72	-0.0003035354474128232
9.725	-0.0003026003647498679
9.73	-0.00030166864094005434
9.735	-0.0003007402622028475
9.74	-0.0002998152148212765
9.745000000000001	-0.0002988934851416115
9.75	-0.0002979750595730381
9.755	-0.00029705992458733575
9.76	-0.0002961480667185585
9.765	-0.00029523947256271545
9.77	-0.0002943341287774561
9.775	-0.00029343202208175276
9.78	-0.00029253313925559093
9.785	-0.0002916374671396552
9.790000000000001	-0.00029074499263502177
9.795	-0.00028985570270285
9.8	-0.000288969584364075
9.805	-0.0002880866246991068
9.81	-0.0002872068108475236
9.815	-0.00028633013000777457
9.82	-0.0002854565694368773
9.825000000000001	-0.0002845861164501235
9.83	-0.00028371875842078085
9.835	-0.00028285448277979875
9.84	-0.00028199327701551764
9.845	-0.00028113512867337606
9.85	-0.0002802800253556221
9.855	-0.00027942795472102577
9.86	-0.00027857890448459315
9.865	-0.00027773286241728016
9.870000000000001	-0.00027688981634571216
9.875	-0.000276049754151901
9.88	-0.000275212663772965
9.885	-0.0002743785332008517
9.89	-0.0002735473504820602
9.895	-0.000272719103717367
9.9	-0.0002718937810615507
9.905	-0.00027107137072312224
9.91	-0.00027025186096405173
9.915000000000001	-0.000269435240099501
9.92	-0.0002686214964975562
9.925	-0.000267810618578959
9.93	-0.00026700259481684613
9.935	-0.00026619741373648173
9.94	-0.0002653950639149992
9.945	-0.0002645955339811381
9.950000000000001	-0.0002637988126149874
9.955	-0.00026300488854772694
9.96	-0.00026221375056137083
9.965	-0.0002614253874885149
9.97	-0.0002606397882120799
9.975	-0.0002598569416650645
9.98	-0.0002590768368302895
9.985	-0.0002582994627401539
9.99	-0.00025752480847638233
9.995000000000001	-0.00025675286316978306
